MESSAGE FROM SERVER
0.00000619
0.00002660
0.00001668
0.00000550
0.00000704
0.00003173
0.00002350
0.00001502
0.00000115
0.00002928
0.00002176
0.00001764
0.00000287
0.00002388
0.00002207
0.00001340
0.00000627
0.00002071
0.00002143
0.00001162
0.00000675
0.00003095
0.00002372
0.00001908
0.00000699
0.00002831
0.00002483
0.00001904
0.00000389
0.00002660
0.00001944
0.00001631
-0.00000081
0.00003191
0.00001858
0.00001637
-0.00000205
0.00002738
0.00001506
0.00001169
-0.00000226
0.00002211
0.00001781
0.00001456
-0.00000398
0.00003205
0.00002326
0.00001657
-0.00000701
0.00003524
0.00002167
0.00001543
-0.00000920
0.00002778
0.00001964
0.00001066
-0.00001207
0.00003380
0.00001250
0.00001449
-0.00000180
0.00004013
0.00002583
0.00002121
-0.00000162
0.00004474
0.00003380
0.00002117
0.00000365
0.00004807
0.00003850
0.00002756
0.00000404
0.00004472
0.00003973
0.00002233
0.00000156
0.00004564
0.00003790
0.00002295
0.00000242
0.00004164
0.00003776
0.00001919
0.00001176
0.00005035
0.00004601
0.00003046
0.00001755
0.00004891
0.00004920
0.00003638
0.00002727
0.00006009
0.00005960
0.00003632
0.00002601
0.00005231
0.00005279
0.00003665
0.00002197
0.00004916
0.00005287
0.00002807
0.00002913
0.00005139
0.00005262
0.00003098
0.00002875
0.00005327
0.00006135
0.00003669
0.00002754
0.00005249
0.00005834
0.00003079
0.00002515
0.00005612
0.00005560
0.00002651
0.00001892
0.00004909
0.00004824
0.00002942
0.00002477
0.00005198
0.00004714
0.00003355
0.00001802
0.00004990
0.00004488
0.00002842
0.00001852
0.00005542
0.00005053
0.00003449
0.00002350
0.00005699
0.00004547
0.00003713
0.00002510
0.00006257
0.00005818
0.00004146
0.00002470
0.00006100
0.00005708
0.00004290
0.00001677
0.00005435
0.00005425
0.00003036
0.00001309
0.00005054
0.00005170
0.00003065
0.00000867
0.00005051
0.00004786
0.00003128
0.00001054
0.00004885
0.00005205
0.00002499
0.00001667
0.00005553
0.00005379
0.00003034
0.00001926
0.00004959
0.00005638
0.00002899
0.00003016
0.00005669
0.00005914
0.00003400
0.00002618
0.00005429
0.00005931
0.00003375
0.00001731
0.00005716
0.00005653
0.00003460
0.00001860
0.00006187
0.00006213
0.00003935
0.00000970
0.00005977
0.00005904
0.00003076
0.00000667
0.00006110
0.00006101
0.00003399
0.00001142
0.00006170
0.00006901
0.00003312
0.00001632
0.00006686
0.00006705
0.00003250
0.00000866
0.00005794
0.00006523
0.00003573
0.00001546
0.00006092
0.00006650
0.00003182
0.00002139
0.00006604
0.00007251
0.00003533
0.00003214
0.00006436
0.00008070
0.00003407
0.00003214
0.00007425
0.00008534
0.00004395
0.00003465
0.00006706
0.00008085
0.00003858
0.00002543
0.00006095
0.00007736
0.00003333
0.00002272
0.00005822
0.00007484
0.00002885
0.00002045
0.00005494
0.00006940
0.00003004
0.00001805
0.00006785
0.00007756
0.00003547
0.00001986
0.00006131
0.00007496
0.00003108
0.00002040
0.00006529
0.00008088
0.00003069
0.00002786
0.00007017
0.00008388
0.00003519
0.00002367
0.00007151
0.00007729
0.00003312
0.00002305
0.00007324
0.00007685
0.00003453
0.00002239
0.00007089
0.00008176
0.00003519
0.00002530
0.00007656
0.00008029
0.00004212
0.00002884
0.00007573
0.00008242
0.00004116
0.00001822
0.00007073
0.00007554
0.00003286
0.00001625
0.00006802
0.00007240
0.00003415
0.00001218
0.00006688
0.00007373
0.00003209
0.00001329
0.00006114
0.00007602
0.00003257
0.00001956
0.00006619
0.00007412
0.00003436
0.00002355
0.00006714
0.00006981
0.00003593
0.00002887
0.00007800
0.00007496
0.00003854
0.00001906
0.00007649
0.00006992
0.00004011
0.00002563
0.00007317
0.00006808
0.00003826
0.00001873
0.00006686
0.00006851
0.00003514
0.00001933
0.00006698
0.00006554
0.00003015
0.00002130
0.00006796
0.00007122
0.00003237
0.00002274
0.00006772
0.00007355
0.00003136
0.00001923
0.00006319
0.00007043
0.00002464
0.00001667
0.00006320
0.00006931
0.00002727
0.00000789
0.00006670
0.00006786
0.00001893
0.00001556
0.00006622
0.00007347
0.00002708
0.00001610
0.00007240
0.00006967
0.00003006
0.00001630
0.00007118
0.00007438
0.00002920
0.00002156
0.00007475
0.00007701
0.00003520
0.00002256
0.00007588
0.00007081
0.00003145
0.00001531
0.00007195
0.00007506
0.00002858
0.00001189
0.00007137
0.00006666
0.00002755
0.00001180
0.00006876
0.00006769
0.00002652
0.00001072
0.00006455
0.00006544
0.00002342
0.00001245
0.00007173
0.00007255
0.00002885
0.00001394
0.00006738
0.00007184
0.00002418
0.00001795
0.00006981
0.00006975
0.00002406
0.00001902
0.00006747
0.00007290
0.00002588
0.00001821
0.00006092
0.00007393
0.00002391
0.00001246
0.00006138
0.00007719
0.00002325
0.00000545
0.00005523
0.00007405
0.00001689
0.00000605
0.00005570
0.00007537
0.00001690
0.00001723
0.00005581
0.00007899
0.00002044
0.00000982
0.00005601
0.00007172
0.00002387
0.00001914
0.00006261
0.00007757
0.00002576
0.00001961
0.00006439
0.00007322
0.00003183
0.00001481
0.00005624
0.00007234
0.00002276
0.00001661
0.00005716
0.00007008
0.00002418
0.00001758
0.00005486
0.00006685
0.00002283
0.00001514
0.00005147
0.00006879
0.00001768
0.00002546
0.00006626
0.00007274
0.00002558
0.00001976
0.00006121
0.00007484
0.00002985
0.00001900
0.00007206
0.00008104
0.00002749
0.00001697
0.00006576
0.00007948
0.00003051
0.00001692
0.00006172
0.00007297
0.00002530
0.00001815
0.00005902
0.00007176
0.00002589
0.00001448
0.00005491
0.00006939
0.00002241
0.00001636
0.00005946
0.00007577
0.00002485
0.00002532
0.00006435
0.00007970
0.00002912
0.00001709
0.00005998
0.00007531
0.00003107
0.00002484
0.00006443
0.00008030
0.00003975
0.00002847
0.00006074
0.00007622
0.00003116
0.00002242
0.00005796
0.00007397
0.00003054
0.00001837
0.00005955
0.00007078
0.00002894
0.00001259
0.00005895
0.00007101
0.00002823
0.00001344
0.00005536
0.00007511
0.00002757
0.00001631
0.00005820
0.00007174
0.00002749
0.00001783
0.00005853
0.00007203
0.00002396
0.00002022
0.00006308
0.00007701
0.00003161
0.00001895
0.00006372
0.00007419
0.00003028
0.00001788
0.00006365
0.00007659
0.00002460
0.00001878
0.00006030
0.00007434
0.00002805
0.00001346
0.00005305
0.00007536
0.00002271
0.00001510
0.00005429
0.00007192
0.00001954
0.00002047
0.00006076
0.00007670
0.00002830
0.00001884
0.00005632
0.00006881
0.00002179
0.00001415
0.00005123
0.00007220
0.00002079
0.00001751
0.00005680
0.00007365
0.00002300
0.00001766
0.00005001
0.00007196
0.00001925
0.00001338
0.00004893
0.00007195
0.00001896
0.00002158
0.00005358
0.00008051
0.00002247
0.00002103
0.00005027
0.00007496
0.00002061
0.00001895
0.00004666
0.00007556
0.00001858
0.00001895
0.00004644
0.00008497
0.00001915
0.00001672
0.00004496
0.00008345
0.00001410
0.00002117
0.00004320
0.00008847
0.00001847
0.00002781
0.00004990
0.00009178
0.00002558
0.00002294
0.00004567
0.00008953
0.00001859
0.00002587
0.00004477
0.00008999
0.00001878
0.00002059
0.00004980
0.00009019
0.00002015
0.00001640
0.00004919
0.00008624
0.00001440
0.00001764
0.00004692
0.00008991
0.00001854
0.00001582
0.00004401
0.00008812
0.00001771
0.00001434
0.00004243
0.00009118
0.00001676
0.00002239
0.00004827
0.00009511
0.00002103
0.00001649
0.00004697
0.00008549
0.00001500
0.00002364
0.00005887
0.00008801
0.00002080
0.00002488
0.00005229
0.00008121
0.00001744
0.00001791
0.00004947
0.00008168
0.00001410
0.00001648
0.00004754
0.00007852
0.00001101
0.00000872
0.00004875
0.00007333
0.00001027
0.00001916
0.00004824
0.00007944
0.00000776
0.00001172
0.00004417
0.00008110
0.00000397
0.00001340
0.00004476
0.00007384
0.00000895
0.00001803
0.00005412
0.00008185
0.00000964
0.00002311
0.00005188
0.00007816
0.00000631
0.00000863
0.00004534
0.00007385
-0.00000184
0.00001422
0.00004345
0.00007380
0.00000625
0.00001562
0.00003533
0.00007376
0.00000333
0.00002515
0.00004151
0.00007305
0.00000411
0.00002576
0.00004474
0.00007607
0.00000869
0.00002160
0.00004148
0.00007939
0.00000767
0.00001869
0.00004236
0.00007517
0.00000002
0.00001310
0.00004049
0.00006815
0.00000340
0.00001596
0.00004499
0.00007054
0.00000593
0.00000623
0.00004052
0.00006230
0.00000627
0.00000800
0.00005063
0.00006559
0.00001780
0.00000352
0.00004374
0.00006748
0.00000834
-0.00000151
0.00004210
0.00005525
0.00000854
-0.00000059
0.00004750
0.00005661
0.00000882
-0.00000115
0.00004722
0.00005348
0.00000910
0.00000156
0.00004436
0.00005695
0.00001089
0.00000086
0.00005409
0.00005677
0.00001629
-0.00000277
0.00004896
0.00005514
0.00001121
0.00000104
0.00005356
0.00006581
0.00001364
-0.00000252
0.00005245
0.00006001
0.00001160
-0.00000401
0.00004894
0.00005966
0.00000824
-0.00000516
0.00004459
0.00005217
0.00000428
-0.00001175
0.00003802
0.00004382
-0.00000121
-0.00000729
0.00003947
0.00004380
-0.00000227
-0.00000103
0.00004469
0.00004970
0.00000619
-0.00000356
0.00004788
0.00004856
0.00000729
-0.00000121
0.00005480
0.00005773
0.00001594
0.00000086
0.00004873
0.00005387
0.00001172
-0.00000496
0.00005092
0.00004255
0.00001040
-0.00001102
0.00004589
0.00004697
0.00000986
-0.00001743
0.00004420
0.00004189
0.00000168
-0.00001750
0.00004340
0.00004613
-0.00000096
-0.00001105
0.00004393
0.00004573
0.00000679
-0.00001259
0.00004452
0.00004389
0.00000249
0.00001566
0.00001670
0.00001247
0.00001305
0.00001343
0.00001996
0.00001657
0.00001090
0.00001138
0.00001498
0.00000387
0.00001102
0.00000830
0.00001886
0.00000678
0.00001291
-0.00000281
0.00000918
0.00000839
0.00000543
0.00000026
0.00001238
-0.00000367
0.00000400
0.00000623
0.00002044
-0.00000018
0.00000651
0.00001034
0.00002587
-0.00000069
0.00000462
0.00000721
0.00002201
0.00000158
0.00000841
0.00000277
0.00002086
-0.00000257
0.00000103
0.00000700
0.00002161
-0.00000400
0.00000379
0.00000884
0.00001726
0.00000082
0.00000238
0.00000428
0.00001850
0.00000210
0.00000208
-0.00000286
0.00002527
0.00000012
0.00000202
0.00000739
0.00002508
0.00000619
0.00000814
0.00000475
0.00002426
0.00000793
0.00000498
-0.00000050
0.00002063
0.00000514
-0.00000235
-0.00000436
0.00002506
0.00000844
-0.00000249
0.00000192
0.00002779
0.00001166
0.00000699
-0.00000221
0.00002243
0.00000912
0.00000125
-0.00000366
0.00002218
0.00001137
-0.00000147
-0.00000021
0.00001942
0.00001312
-0.00000616
-0.00000056
0.00002568
0.00000306
-0.00000257
-0.00000463
0.00001568
0.00000517
-0.00000627
0.00000077
0.00002864
0.00001067
-0.00000004
-0.00000148
0.00002506
0.00001201
0.00000164
0.00000703
0.00003069
0.00001466
0.00000270
0.00000060
0.00002636
0.00001140
-0.00000302
0.00000405
0.00002610
0.00000616
-0.00000115
-0.00000181
0.00001623
0.00000127
-0.00001056
-0.00000505
0.00001791
-0.00000375
-0.00000741
-0.00000710
0.00001651
-0.00000575
-0.00001098
0.00000561
0.00002319
0.00000264
-0.00000357
-0.00000366
0.00002297
-0.00000838
-0.00000532
0.00000256
0.00002517
0.00000557
-0.00000221
0.00000254
0.00002292
0.00000706
-0.00000282
-0.00000105
0.00002368
0.00000245
-0.00000451
0.00000226
0.00002522
0.00000126
-0.00000308
-0.00000785
0.00001921
0.00000126
-0.00000960
-0.00000647
0.00002052
0.00000064
-0.00000485
-0.00000458
0.00002578
0.00000270
-0.00000262
-0.00000292
0.00003159
-0.00000228
-0.00000554
0.00000440
0.00002768
0.00000438
-0.00000272
0.00000339
0.00002430
-0.00000160
-0.00000331
-0.00000131
0.00003577
-0.00000001
-0.00000621
0.00000497
0.00004292
-0.00000050
-0.00000293
-0.00000582
0.00003102
-0.00001413
-0.00000514
-0.00001273
0.00002403
-0.00000295
-0.00000374
-0.00000054
0.00003685
-0.00000099
0.00000027
0.00000028
0.00003406
-0.00000605
-0.00000400
0.00000973
0.00004244
0.00000173
-0.00000113
0.00001047
0.00004080
0.00000153
-0.00000771
0.00000061
0.00003479
-0.00000822
-0.00000625
-0.00000535
0.00002991
-0.00000883
-0.00000216
-0.00000796
0.00002348
-0.00001413
-0.00000670
-0.00000494
0.00002435
-0.00001638
-0.00001315
-0.00000200
0.00002707
-0.00001255
-0.00000559
0.00000088
0.00002201
-0.00001489
-0.00001251
-0.00000364
0.00002910
-0.00000643
-0.00000655
-0.00000791
0.00002580
-0.00000909
-0.00000418
-0.00000582
0.00002962
-0.00001272
-0.00000854
-0.00000858
0.00003363
-0.00001169
-0.00000965
-0.00001501
0.00002762
-0.00001422
-0.00001115
-0.00001787
0.00002731
-0.00001565
-0.00001148
-0.00000655
0.00003189
-0.00000708
-0.00000970
-0.00000052
0.00003552
-0.00000225
-0.00000728
-0.00000011
0.00004140
0.00000141
-0.00000027
0.00000218
0.00003822
-0.00000322
-0.00000878
-0.00001293
0.00003122
-0.00000708
-0.00000860
-0.00001386
0.00002149
-0.00002118
-0.00001202
-0.00001483
0.00002385
-0.00001707
-0.00001460
-0.00002255
0.00002080
-0.00000915
-0.00001271
-0.00001696
0.00002972
-0.00001236
-0.00000529
-0.00002118
0.00003163
-0.00001612
-0.00000473
-0.00001250
0.00003668
-0.00000996
0.00000154
-0.00000847
0.00004394
-0.00000708
0.00000227
-0.00000397
0.00004111
-0.00000372
0.00000049
-0.00001876
0.00003304
-0.00001510
-0.00000065
-0.00001600
0.00004390
-0.00001053
0.00000296
-0.00001387
0.00003611
-0.00000953
0.00000142
-0.00000902
0.00004652
-0.00000662
0.00000651
-0.00001240
0.00004527
-0.00000813
0.00000822
-0.00002019
0.00004529
-0.00001138
0.00000318
-0.00002041
0.00004442
-0.00001222
0.00000594
-0.00002791
0.00003817
-0.00001526
0.00000036
-0.00002435
0.00003593
-0.00001525
0.00000008
-0.00002443
0.00004406
-0.00001208
0.00000506
-0.00002348
0.00004415
-0.00001379
0.00000171
-0.00002190
0.00005579
-0.00000744
0.00001225
-0.00002671
0.00004886
-0.00000775
0.00000425
-0.00002541
0.00005200
-0.00001286
0.00000725
-0.00003523
0.00004487
-0.00001815
0.00000286
-0.00003051
0.00004909
-0.00002170
-0.00000084
-0.00002992
0.00004585
-0.00002182
-0.00000235
-0.00002142
0.00005674
-0.00001258
0.00001204
-0.00002334
0.00005543
-0.00001939
0.00001113
-0.00001793
0.00005782
-0.00000981
0.00001531
-0.00002272
0.00005731
-0.00001100
0.00000978
-0.00002029
0.00004811
-0.00002182
0.00000713
-0.00001423
0.00005137
-0.00002368
-0.00000130
-0.00002300
0.00004424
-0.00002414
-0.00000611
-0.00002439
0.00004162
-0.00002959
-0.00000530
-0.00002288
0.00005411
-0.00002200
-0.00000115
-0.00003113
0.00004466
-0.00002316
-0.00000031
-0.00001985
0.00005695
-0.00001508
0.00000728
-0.00002458
0.00005442
-0.00002336
-0.00000119
-0.00002974
0.00005302
-0.00002179
-0.00000630
-0.00003265
0.00005215
-0.00002198
-0.00001214
-0.00003912
0.00004602
-0.00002383
-0.00001077
-0.00003527
0.00005126
-0.00002916
-0.00000983
-0.00003037
0.00005461
-0.00002893
-0.00000248
-0.00003041
0.00005324
-0.00003249
-0.00000750
-0.00004285
0.00004516
-0.00003008
-0.00001272
-0.00003947
0.00004481
-0.00003340
-0.00001163
-0.00002899
0.00004995
-0.00003440
-0.00000667
-0.00003643
0.00004595
-0.00003836
-0.00000883
-0.00002879
0.00004936
-0.00002927
-0.00000222
-0.00002684
0.00005125
-0.00002919
-0.00000513
-0.00002836
0.00005261
-0.00003431
-0.00000434
-0.00003158
0.00005053
-0.00003843
-0.00000767
-0.00003680
0.00004657
-0.00004352
-0.00000959
-0.00003661
0.00004707
-0.00004493
-0.00000826
-0.00002645
0.00005150
-0.00003784
-0.00000280
-0.00001766
0.00006511
-0.00002825
0.00000515
-0.00002003
0.00004698
-0.00004474
0.00000062
-0.00002143
0.00005285
-0.00003448
0.00000098
-0.00002565
0.00005288
-0.00003205
-0.00000159
-0.00002582
0.00004705
-0.00003054
-0.00000395
-0.00002957
0.00004371
-0.00003595
-0.00000619
-0.00001927
0.00005044
-0.00002750
0.00000014
-0.00002055
0.00004878
-0.00003213
0.00000052
-0.00001387
0.00005282
-0.00003193
0.00000548
-0.00001643
0.00005599
-0.00002535
0.00000570
-0.00002426
0.00005295
-0.00003461
0.00000113
-0.00001826
0.00005249
-0.00003371
0.00000139
-0.00001721
0.00004615
-0.00003723
0.00000206
-0.00002443
0.00003633
-0.00003994
-0.00000368
-0.00001865
0.00004818
-0.00003325
-0.00000155
-0.00002074
0.00004754
-0.00003486
-0.00000117
-0.00000976
0.00005594
-0.00002360
0.00000712
-0.00001301
0.00005315
-0.00002485
-0.00000009
-0.00001515
0.00004873
-0.00002823
0.00000036
-0.00001692
0.00005141
-0.00002894
-0.00000087
-0.00002157
0.00005174
-0.00003671
-0.00000525
-0.00002272
0.00004878
-0.00003291
-0.00000357
-0.00001304
0.00005557
-0.00002433
0.00000543
-0.00001435
0.00005699
-0.00002479
0.00000762
-0.00002121
0.00005174
-0.00003003
0.00000308
-0.00002350
0.00005281
-0.00003538
0.00000099
-0.00002874
0.00005470
-0.00003706
-0.00000332
-0.00002644
0.00005307
-0.00003915
-0.00000196
-0.00001804
0.00006260
-0.00003555
0.00000375
-0.00002066
0.00005634
-0.00003618
-0.00000299
-0.00002526
0.00005498
-0.00004907
-0.00000249
-0.00002030
0.00005807
-0.00004618
-0.00000448
-0.00002587
0.00005222
-0.00004803
-0.00000617
-0.00002873
0.00005709
-0.00004861
-0.00000815
-0.00002365
0.00006290
-0.00004862
-0.00000680
-0.00002637
0.00005812
-0.00004466
-0.00000076
-0.00002208
0.00007648
-0.00003507
0.00000963
-0.00002002
0.00006806
-0.00004280
0.00000287
-0.00002570
0.00006241
-0.00003989
0.00000632
-0.00002270
0.00005753
-0.00005088
0.00000074
-0.00002565
0.00005634
-0.00005654
-0.00000736
-0.00003109
0.00005331
-0.00006283
-0.00000482
-0.00003688
0.00004973
-0.00006980
-0.00001039
-0.00003974
0.00005040
-0.00006759
-0.00000716
-0.00003161
0.00004774
-0.00006452
-0.00000231
-0.00003719
0.00004472
-0.00006517
-0.00000235
-0.00003723
0.00004393
-0.00006522
-0.00000773
-0.00003878
0.00004649
-0.00007155
-0.00000783
-0.00004343
0.00004577
-0.00007570
-0.00001402
-0.00004132
0.00003893
-0.00008323
-0.00001804
-0.00004086
0.00005085
-0.00007480
-0.00000543
-0.00004199
0.00004501
-0.00007303
-0.00000675
-0.00003824
0.00005201
-0.00006986
0.00000120
-0.00003739
0.00005359
-0.00007292
0.00000208
-0.00004321
0.00004691
-0.00007311
-0.00000135
-0.00004017
0.00004944
-0.00007658
0.00000057
-0.00005401
0.00004241
-0.00008693
-0.00000691
-0.00004718
0.00004243
-0.00009018
-0.00000991
-0.00003979
0.00005324
-0.00008080
-0.00000165
-0.00004327
0.00004719
-0.00007781
-0.00000443
-0.00004112
0.00004791
-0.00007015
0.00000324
-0.00004018
0.00005332
-0.00007128
0.00000088
-0.00004132
0.00005071
-0.00007677
-0.00000167
-0.00004319
0.00005146
-0.00007888
-0.00000121
-0.00004937
0.00004911
-0.00007710
-0.00000920
-0.00005151
0.00004269
-0.00007731
-0.00000395
-0.00004528
0.00004763
-0.00007236
-0.00000335
-0.00004640
0.00004250
-0.00007236
-0.00000303
-0.00004422
0.00004072
-0.00007526
-0.00000257
-0.00004171
0.00003552
-0.00007445
-0.00000316
-0.00004352
0.00004073
-0.00006472
-0.00000944
-0.00004503
0.00003864
-0.00007754
-0.00001024
-0.00004977
0.00003922
-0.00008404
-0.00001192
-0.00004678
0.00003460
-0.00008563
-0.00001759
-0.00004038
0.00003773
-0.00007715
-0.00000925
-0.00004442
0.00003636
-0.00007701
-0.00001350
-0.00003940
0.00004078
-0.00006775
-0.00001082
-0.00003936
0.00003954
-0.00007187
-0.00001147
-0.00004267
0.00003735
-0.00007625
-0.00001339
-0.00004734
0.00003679
-0.00008151
-0.00001756
-0.00005043
0.00002991
-0.00008903
-0.00001679
-0.00004365
0.00003843
-0.00007765
-0.00001718
-0.00004401
0.00003931
-0.00008192
-0.00001351
-0.00004451
0.00003703
-0.00008554
-0.00001909
-0.00003010
0.00004710
-0.00007166
-0.00001342
-0.00003784
0.00003815
-0.00007734
-0.00001214
-0.00004236
0.00003447
-0.00008150
-0.00002057
-0.00004315
0.00003216
-0.00008297
-0.00002101
-0.00004669
0.00002944
-0.00008204
-0.00002500
-0.00004612
0.00002320
-0.00008577
-0.00002705
-0.00003851
0.00002910
-0.00008125
-0.00002383
-0.00003266
0.00002902
-0.00007944
-0.00002308
-0.00002096
0.00003420
-0.00008057
-0.00001648
-0.00002880
0.00003942
-0.00008109
-0.00001619
-0.00002804
0.00003223
-0.00008784
-0.00002122
-0.00002729
0.00003380
-0.00008076
-0.00002462
-0.00003076
0.00003229
-0.00008653
-0.00002542
-0.00002880
0.00003377
-0.00008755
-0.00003035
-0.00002476
0.00003945
-0.00008225
-0.00002291
-0.00001777
0.00003823
-0.00007749
-0.00002223
-0.00001089
0.00004170
-0.00007655
-0.00001679
-0.00001135
0.00004159
-0.00007095
-0.00001698
-0.00001499
0.00004321
-0.00007738
-0.00001753
-0.00001825
0.00004378
-0.00007988
-0.00001937
-0.00002120
0.00004490
-0.00008670
-0.00002416
-0.00001855
0.00004202
-0.00008103
-0.00002487
-0.00001397
0.00005166
-0.00007722
-0.00002056
-0.00001386
0.00004634
-0.00007864
-0.00002170
-0.00000792
0.00004898
-0.00007005
-0.00000997
-0.00000387
0.00004760
-0.00007643
-0.00001266
-0.00001280
0.00004292
-0.00007824
-0.00001921
-0.00000911
0.00004428
-0.00008191
-0.00001723
-0.00001044
0.00004516
-0.00008724
-0.00001520
-0.00001565
0.00003767
-0.00009092
-0.00002456
-0.00001246
0.00004698
-0.00008544
-0.00001941
-0.00001001
0.00004617
-0.00008903
-0.00001865
-0.00001218
0.00004359
-0.00008965
-0.00001995
-0.00001773
0.00003746
-0.00009516
-0.00002668
0.00001037
0.00001283
0.00001074
0.00000692
0.00001550
0.00001594
0.00001221
0.00000517
0.00001922
0.00001720
0.00001429
0.00000609
0.00001291
0.00001265
0.00002148
0.00001077
0.00001042
0.00000946
0.00001179
0.00000022
0.00000947
0.00000429
0.00001468
0.00000886
0.00000772
0.00000316
0.00001046
0.00000371
0.00001002
0.00000256
0.00000838
-0.00000114
0.00001516
0.00000617
0.00001094
0.00000613
0.00001374
0.00000649
0.00000719
0.00000950
0.00002621
0.00001442
0.00001331
0.00001419
0.00001931
0.00001269
0.00001195
0.00000455
0.00001626
0.00001486
0.00001308
0.00000675
0.00001883
0.00001047
0.00001389
0.00001088
0.00000742
0.00001077
0.00000809
0.00000708
0.00000793
0.00000322
0.00000898
0.00000641
0.00001636
0.00000862
0.00000361
0.00001029
0.00000957
0.00000661
0.00000540
0.00000895
0.00001319
0.00001180
0.00000599
0.00001737
0.00001518
0.00000712
0.00000733
0.00001205
0.00000785
0.00000454
0.00001009
0.00000898
0.00000253
0.00000681
0.00001009
0.00000374
-0.00000291
-0.00000068
0.00000930
0.00000180
-0.00000792
0.00000029
0.00000827
-0.00000411
0.00000231
0.00000579
0.00001642
0.00000567
0.00000622
0.00000699
0.00001195
0.00000882
0.00001272
0.00001069
0.00001914
0.00001021
0.00000878
0.00000220
0.00002115
0.00000847
0.00000363
0.00000271
0.00001865
0.00000454
0.00000146
-0.00000074
0.00000982
0.00000101
0.00001432
0.00001244
0.00002309
0.00000764
0.00000668
0.00001319
0.00001479
0.00000256
0.00001782
0.00001503
0.00002717
0.00000647
0.00001237
0.00001634
0.00002381
0.00000820
0.00001090
0.00001960
0.00002575
0.00000813
0.00000220
0.00001557
0.00001634
-0.00000146
0.00000949
0.00002612
0.00002326
0.00000828
0.00001737
0.00003236
0.00001457
0.00001213
0.00001098
0.00001988
0.00001655
0.00001339
0.00000928
0.00001258
0.00001370
0.00000950
0.00001507
0.00002290
0.00001978
0.00001778
0.00001349
0.00002485
0.00001797
0.00001470
0.00001728
0.00001935
0.00001445
0.00001511
0.00001521
0.00001373
0.00001336
0.00001372
0.00001305
0.00000970
0.00001081
0.00000919
0.00001109
0.00001051
0.00000481
0.00001045
0.00002127
0.00001890
0.00001222
0.00001734
0.00002225
0.00002296
0.00001283
0.00001731
0.00001810
0.00001848
0.00001585
0.00001272
0.00001412
0.00001411
0.00000347
0.00000811
0.00001736
0.00002255
0.00001388
0.00001147
0.00001917
0.00002285
0.00001049
0.00001638
0.00002241
0.00002905
0.00001587
0.00001640
0.00001934
0.00003084
0.00001490
0.00001879
0.00001720
0.00002225
0.00000991
0.00002026
0.00001421
0.00002025
0.00001005
0.00001562
0.00001918
0.00002573
0.00001432
0.00001690
0.00001366
0.00002839
0.00001294
0.00002071
0.00001969
0.00002918
0.00002313
0.00002016
0.00002186
0.00002963
0.00001823
0.00001792
0.00001348
0.00002661
0.00000968
0.00001385
0.00001643
0.00002975
0.00000932
0.00001547
0.00001326
0.00001997
0.00000587
0.00000851
0.00001501
0.00002152
0.00000952
0.00001519
0.00001643
0.00002473
0.00000559
0.00000994
0.00001926
0.00002529
0.00000529
0.00000640
0.00002222
0.00002630
0.00001212
0.00000702
0.00001619
0.00002095
0.00000960
0.00000752
0.00002025
0.00002263
0.00000418
0.00000583
0.00001801
0.00001999
-0.00000046
0.00000764
0.00002657
0.00002487
0.00000521
0.00000961
0.00001005
0.00002125
0.00000814
0.00000344
0.00001771
0.00002554
0.00000831
0.00000802
0.00001148
0.00002195
0.00000410
0.00000425
0.00001219
0.00002054
0.00000118
0.00000416
0.00000815
0.00001639
-0.00000297
0.00000447
0.00001516
0.00002382
0.00000441
0.00000488
0.00001357
0.00002430
0.00000346
0.00000578
0.00000894
0.00001853
0.00000592
0.00000117
0.00000719
0.00001633
0.00000528
0.00000268
0.00000205
0.00000962
0.00000097
-0.00000051
0.00000174
0.00001547
-0.00000088
-0.00000355
0.00000678
0.00001983
0.00000593
0.00000101
0.00000104
0.00001476
0.00000114
0.00000421
0.00001086
0.00001555
0.00000626
0.00000649
0.00001199
0.00001784
0.00000513
0.00000373
0.00000466
0.00001230
-0.00000001
0.00000099
0.00000185
0.00001483
0.00000472
0.00000430
-0.00000625
0.00001269
-0.00000266
-0.00000056
-0.00000393
0.00000916
-0.00000490
-0.00000237
0.00000772
0.00001549
0.00000495
0.00000141
0.00000570
0.00001426
0.00000273
-0.00000537
0.00001016
0.00001671
0.00000418
-0.00000105
0.00001241
0.00001556
0.00000287
-0.00000021
0.00000780
0.00001620
0.00000447
0.00000278
0.00001351
0.00001408
-0.00000007
0.00000007
0.00000986
0.00001097
0.00000057
-0.00000386
0.00000053
0.00000747
-0.00000814
-0.00000568
0.00001001
0.00001776
-0.00001173
-0.00000380
0.00001253
0.00001443
-0.00001660
-0.00000915
0.00001794
0.00001860
-0.00001315
-0.00000576
0.00001475
0.00001669
-0.00000813
-0.00000680
0.00001086
0.00001555
-0.00001485
-0.00000738
0.00000149
0.00001913
-0.00001520
-0.00001565
-0.00000272
0.00001494
-0.00001805
-0.00001447
-0.00000729
0.00000811
-0.00002050
-0.00001623
0.00000053
0.00001168
-0.00000922
-0.00001067
-0.00000152
0.00000748
-0.00000537
-0.00000586
0.00000363
0.00001645
0.00000264
-0.00000306
0.00000196
0.00000936
0.00000150
-0.00000724
-0.00000004
0.00001331
-0.00000122
-0.00000310
-0.00000025
0.00001006
-0.00000584
-0.00000095
-0.00000571
0.00000188
-0.00000685
-0.00000477
0.00000226
0.00001287
-0.00000376
-0.00000220
-0.00000028
0.00001497
-0.00000112
-0.00000365
0.00000932
0.00002131
0.00000329
0.00000164
0.00000429
0.00001712
-0.00000022
0.00000019
0.00000275
0.00001904
-0.00000083
0.00000070
-0.00000049
0.00001051
-0.00001010
-0.00000467
-0.00000655
0.00000819
-0.00001023
-0.00001017
-0.00001003
0.00000190
-0.00002018
-0.00001424
-0.00000207
0.00001432
-0.00001265
-0.00001183
-0.00000316
0.00001076
-0.00001109
-0.00000804
