-0.00004045
-0.00004245
-0.00003986
-0.00003220
0.00000565
0.00000039
0.00000308
-0.00001791
0.00002710
0.00003112
0.00002419
0.00000162
0.00000200
0.00000163
0.00000181
-0.00000244
-0.00004204
-0.00004427
-0.00004180
-0.00003605
0.00000956
0.00000403
0.00000578
-0.00002075
0.00003295
0.00003271
0.00003119
0.00000769
-0.00000056
-0.00000198
0.00000568
-0.00000000
-0.00003751
-0.00004198
-0.00003560
-0.00003225
0.00000448
-0.00000017
0.00000541
-0.00001789
0.00003560
0.00003179
0.00002455
0.00000471
-0.00000163
-0.00000009
-0.00000150
-0.00000167
-0.00004235
-0.00004431
-0.00003780
-0.00003658
0.00000922
0.00000456
0.00000290
-0.00001896
0.00003666
0.00003182
0.00002881
0.00000136
0.00000137
-0.00000407
0.00000344
-0.00000058
-0.00004681
-0.00005114
-0.00004207
-0.00004049
0.00000541
-0.00000032
0.00000022
-0.00002296
-0.00004110
-0.00004266
-0.00004305
-0.00005794
0.00000707
0.00000643
-0.00000325
-0.00004220
0.00003891
0.00003717
0.00002588
-0.00001510
0.00000584
0.00000230
-0.00000119
-0.00001766
0.00002925
0.00002632
0.00002123
0.00000622
-0.00000218
0.00000306
-0.00000793
0.00000355
-0.00004379
-0.00004088
-0.00003983
-0.00003028
0.00000023
0.00000126
-0.00000098
-0.00001892
-0.00004237
-0.00003585
-0.00004128
-0.00005293
0.00000404
0.00000526
0.00000067
-0.00004029
0.00003450
0.00003380
0.00002788
-0.00001159
0.00000076
0.00000260
0.00000058
-0.00001881
0.00003183
0.00003063
0.00002906
0.00000653
-0.00000318
0.00000028
0.00000648
0.00000006
-0.00004581
-0.00004526
-0.00003300
-0.00003103
-0.00000102
-0.00000218
0.00000283
-0.00001449
-0.00004624
-0.00004866
-0.00003383
-0.00004948
0.00000070
-0.00000608
-0.00000122
-0.00003826
0.00002834
0.00002611
0.00002828
-0.00001410
-0.00000216
-0.00000474
0.00000421
-0.00001953
-0.00004488
-0.00004804
-0.00003553
-0.00005562
-0.00000098
-0.00000457
0.00000459
-0.00003793
-0.00004287
-0.00005317
-0.00004571
-0.00007084
0.00000452
-0.00000138
-0.00000494
-0.00005386
0.00003115
0.00003011
0.00002104
-0.00003235
-0.00000494
-0.00000803
-0.00000607
-0.00003601
-0.00004815
-0.00005335
-0.00004529
-0.00006936
0.00000093
-0.00000427
0.00000086
-0.00005626
-0.00003902
-0.00004596
-0.00004417
-0.00009203
0.00001120
0.00000119
-0.00000040
-0.00007205
0.00004018
0.00002909
0.00002524
-0.00004996
0.00000168
-0.00000615
-0.00000017
-0.00005636
0.00003438
0.00002810
0.00002842
-0.00002759
0.00000310
-0.00000629
0.00000519
-0.00003323
-0.00004889
-0.00005535
-0.00004205
-0.00006996
0.00000268
-0.00000825
-0.00000198
-0.00005526
-0.00003428
-0.00004925
-0.00004009
-0.00008609
0.00001122
-0.00000292
0.00000217
-0.00007090
0.00004327
0.00002351
0.00002667
-0.00004502
0.00000747
-0.00000479
0.00000401
-0.00004880
0.00004011
0.00003637
0.00003021
-0.00002097
0.00000317
-0.00000124
0.00000962
-0.00002978
-0.00003941
-0.00004305
-0.00003210
-0.00006358
0.00001101
-0.00000158
0.00000570
-0.00004792
-0.00003576
-0.00004784
-0.00003367
-0.00008074
0.00001463
-0.00000024
0.00000651
-0.00006703
0.00003592
0.00002586
0.00002825
-0.00004934
0.00000338
0.00000183
0.00000651
-0.00004775
0.00003672
0.00003718
0.00004277
-0.00001874
-0.00000053
0.00000275
0.00000968
-0.00002595
-0.00003644
-0.00003603
-0.00002317
-0.00005434
0.00001064
0.00001143
0.00001235
-0.00004653
-0.00002705
-0.00003132
-0.00002623
-0.00008059
0.00001946
0.00001175
0.00000872
-0.00006681
0.00004610
0.00004755
0.00003868
-0.00004171
0.00001448
0.00001124
0.00001501
-0.00004581
0.00004199
0.00004281
0.00003680
-0.00001923
0.00000923
0.00001191
0.00001381
-0.00002605
-0.00003424
-0.00002761
-0.00002786
-0.00005627
0.00001608
0.00001218
0.00001246
-0.00004497
-0.00002938
-0.00003259
-0.00002826
-0.00008083
0.00002070
0.00001198
0.00000984
-0.00006200
0.00004324
0.00003893
0.00003443
-0.00004151
0.00001938
0.00001665
0.00001741
-0.00003951
0.00004317
0.00004365
0.00003678
-0.00002400
0.00001826
0.00001569
0.00001475
-0.00001982
-0.00002999
-0.00003007
-0.00002391
-0.00005203
0.00001865
0.00001080
0.00001410
-0.00004187
-0.00002035
-0.00003651
-0.00002495
-0.00007938
0.00002616
0.00001643
0.00001082
-0.00006494
0.00005429
0.00004956
0.00004096
-0.00003987
0.00002104
0.00001620
0.00001437
-0.00003954
-0.00001813
-0.00002885
-0.00002470
-0.00007043
0.00002173
0.00001849
0.00001135
-0.00005821
0.00005761
0.00004720
0.00003783
-0.00003468
0.00002032
0.00001347
0.00000838
-0.00003853
0.00005546
0.00004668
0.00003650
-0.00001237
0.00002339
0.00001670
0.00000787
-0.00001130
-0.00002194
-0.00003527
-0.00003460
-0.00005168
0.00002361
0.00001142
0.00000882
-0.00003534
-0.00002509
-0.00003808
-0.00004130
-0.00007720
0.00002338
0.00000784
0.00000424
-0.00005782
0.00005969
0.00004181
0.00003163
-0.00003236
0.00002364
0.00000750
0.00000637
-0.00003579
0.00005782
0.00004188
0.00003670
-0.00000848
0.00002148
0.00000893
0.00001002
-0.00001313
-0.00002260
-0.00003700
-0.00002834
-0.00005223
0.00002304
0.00000657
0.00000833
-0.00003534
-0.00001947
-0.00004244
-0.00003543
-0.00007033
0.00002723
0.00000664
0.00000689
-0.00005185
0.00006098
0.00003804
0.00003633
-0.00002514
0.00002742
0.00000550
0.00001075
-0.00003239
0.00006019
0.00004041
0.00004911
-0.00000011
0.00002636
0.00000837
0.00001788
-0.00000761
-0.00002185
-0.00004361
-0.00002499
-0.00004896
0.00002468
-0.00000180
0.00001643
-0.00002863
-0.00002368
-0.00005521
-0.00003226
-0.00007101
0.00002294
-0.00000691
0.00001160
-0.00005339
0.00005634
0.00002741
0.00004073
-0.00002770
0.00002524
-0.00000053
0.00001528
-0.00002921
0.00005310
0.00003286
0.00004612
-0.00001116
0.00002443
0.00000647
0.00002435
-0.00001293
-0.00002239
-0.00004336
-0.00002257
-0.00004276
0.00001982
0.00000389
0.00001333
-0.00002880
-0.00001791
-0.00002304
-0.00001796
-0.00003393
-0.00006151
-0.00007255
-0.00006344
-0.00006644
-0.00001566
-0.00002874
-0.00001390
-0.00005354
0.00001335
0.00000633
0.00000468
-0.00002601
0.00006108
0.00005091
0.00005369
-0.00001091
0.00009147
0.00008146
0.00008076
0.00001688
0.00005758
0.00004727
0.00004674
0.00000830
0.00001261
0.00000513
0.00000915
-0.00002600
-0.00002286
-0.00002246
-0.00001734
-0.00002806
-0.00007197
-0.00007375
-0.00005875
-0.00006124
-0.00002675
-0.00002970
-0.00002871
-0.00005239
0.00001185
0.00000453
0.00000505
-0.00002016
0.00006154
0.00005200
0.00005008
-0.00000480
0.00009460
0.00008608
0.00008081
0.00001904
0.00006303
0.00005073
0.00005465
0.00001894
0.00000743
-0.00000404
0.00000050
-0.00002553
-0.00002740
-0.00003475
-0.00002197
-0.00002273
-0.00007825
-0.00008309
-0.00006944
-0.00006211
-0.00002660
-0.00004157
-0.00002772
-0.00004559
0.00000151
-0.00000513
0.00000227
-0.00002624
-0.00003062
-0.00003659
-0.00002424
-0.00002660
-0.00007967
-0.00008455
-0.00006728
-0.00006498
-0.00003208
-0.00004513
-0.00003612
-0.00005543
-0.00000234
-0.00000179
-0.00000589
-0.00002540
0.00004588
0.00004755
0.00003534
-0.00000965
0.00007734
0.00007731
0.00006397
0.00001500
0.00003992
0.00004654
0.00004135
0.00000939
-0.00000607
-0.00000113
-0.00000493
-0.00002275
-0.00003785
-0.00003120
-0.00002571
-0.00002506
-0.00008900
-0.00008277
-0.00007303
-0.00006420
-0.00004266
-0.00004146
-0.00002987
-0.00004870
-0.00001265
-0.00001106
-0.00000740
-0.00002545
0.00003502
0.00003254
0.00003337
-0.00001241
0.00007373
0.00006744
0.00006041
0.00001271
0.00003480
0.00003463
0.00004149
0.00000931
-0.00001408
-0.00002077
-0.00001005
-0.00002945
-0.00004124
-0.00005231
-0.00003478
-0.00003621
-0.00009113
-0.00010086
-0.00007740
-0.00007286
-0.00004373
-0.00005698
-0.00003643
-0.00005659
-0.00001210
-0.00002196
-0.00001212
-0.00003322
0.00003518
0.00002268
0.00002374
-0.00002536
0.00006769
0.00005821
0.00005717
0.00000142
0.00003908
0.00002448
0.00002972
-0.00000269
-0.00001533
-0.00002661
-0.00001520
-0.00004349
-0.00004731
-0.00005487
-0.00004073
-0.00004196
-0.00010002
-0.00010255
-0.00008783
-0.00008267
-0.00005426
-0.00006187
-0.00004917
-0.00006576
-0.00001615
-0.00002638
-0.00001332
-0.00004062
0.00002898
0.00000972
0.00002313
-0.00002739
0.00006573
0.00004882
0.00005732
-0.00000357
0.00003147
0.00002809
0.00003224
-0.00000670
-0.00001816
-0.00002404
-0.00000984
-0.00004406
-0.00004598
-0.00005142
-0.00003300
-0.00004794
-0.00009949
-0.00010167
-0.00008034
-0.00008413
-0.00004905
-0.00005764
-0.00004208
-0.00007157
-0.00001651
-0.00002440
-0.00000838
-0.00004719
0.00003422
0.00002635
0.00003524
-0.00002664
0.00006477
0.00006173
0.00006322
-0.00000251
0.00003902
0.00003154
0.00003959
0.00000076
-0.00000938
-0.00001558
-0.00000303
-0.00003815
-0.00003822
-0.00004378
-0.00003151
-0.00004045
-0.00009041
-0.00009755
-0.00008121
-0.00007996
-0.00004246
-0.00005292
-0.00003778
-0.00006381
-0.00000897
-0.00002038
-0.00000719
-0.00003446
0.00003663
0.00002726
0.00003090
-0.00002127
0.00007394
0.00006079
0.00006533
0.00000617
0.00003586
0.00002871
0.00003772
0.00000296
-0.00001421
-0.00002277
-0.00000678
-0.00003261
-0.00004195
-0.00004897
-0.00003555
-0.00003492
-0.00009510
-0.00010629
-0.00008198
-0.00007099
-0.00004553
-0.00005925
-0.00003964
-0.00005301
-0.00000967
-0.00001930
-0.00000471
-0.00002914
0.00004011
0.00002686
0.00003940
-0.00000876
0.00007818
0.00006153
0.00006550
0.00001534
0.00004222
0.00003811
0.00003917
0.00001329
-0.00000969
-0.00001744
-0.00000869
-0.00002984
-0.00004458
-0.00004365
-0.00003118
-0.00003731
-0.00009480
-0.00009749
-0.00008396
-0.00007427
-0.00004586
-0.00005281
-0.00004024
-0.00005775
-0.00001333
-0.00001848
-0.00000263
-0.00003009
0.00003611
0.00002874
0.00003644
-0.00001427
0.00007033
0.00005985
0.00006330
0.00001004
0.00003605
0.00003677
0.00004471
0.00000650
-0.00001482
-0.00002207
-0.00000459
-0.00003314
-0.00005266
-0.00005187
-0.00002605
-0.00003217
-0.00009351
-0.00010624
-0.00007137
-0.00007190
-0.00005101
-0.00005440
-0.00003592
-0.00005900
-0.00001769
-0.00002105
-0.00000436
-0.00002944
0.00002714
0.00002735
0.00003626
-0.00001806
0.00006542
0.00005894
0.00007029
0.00001371
0.00003341
0.00003444
0.00004890
0.00000746
-0.00001758
-0.00002182
-0.00000101
-0.00003236
-0.00005342
-0.00005876
-0.00002649
-0.00003756
-0.00010416
-0.00010716
-0.00007926
-0.00007583
-0.00005458
-0.00005764
-0.00003189
-0.00006292
-0.00001802
-0.00002720
-0.00001107
-0.00003637
0.00002731
0.00001851
0.00002674
-0.00002326
0.00006786
0.00005978
0.00005684
0.00000281
0.00003620
0.00002914
0.00003756
0.00000006
-0.00001597
-0.00002047
-0.00001489
-0.00003741
-0.00004102
-0.00004706
-0.00004083
-0.00003546
-0.00009089
-0.00010093
-0.00008888
-0.00007696
-0.00004677
-0.00005212
-0.00004644
-0.00005781
-0.00000473
-0.00001005
-0.00000836
-0.00003246
0.00005001
0.00003488
0.00002885
-0.00001725
0.00008142
0.00007605
0.00006786
0.00000862
0.00004957
0.00004554
0.00003905
0.00000740
-0.00000452
-0.00000953
-0.00001172
-0.00003399
-0.00003425
-0.00004557
-0.00003943
-0.00003631
-0.00009054
-0.00009732
-0.00008593
-0.00007716
-0.00004661
-0.00005159
-0.00005159
-0.00006722
-0.00001000
-0.00000890
-0.00001582
-0.00003674
0.00003954
0.00003827
0.00002609
-0.00002150
0.00007612
0.00007458
0.00006068
0.00000123
0.00004066
0.00004469
0.00003742
0.00000431
-0.00000868
-0.00000611
-0.00001779
-0.00003796
-0.00004133
-0.00003145
-0.00003868
-0.00004121
-0.00009413
-0.00008462
-0.00008719
-0.00007589
-0.00005116
-0.00004523
-0.00005285
-0.00006610
-0.00000609
-0.00000075
-0.00001394
-0.00003564
0.00004158
0.00004455
0.00002779
-0.00002087
0.00007782
0.00008112
0.00006397
0.00000728
0.00004943
0.00004831
0.00004208
0.00000325
-0.00000775
-0.00000597
-0.00001201
-0.00003409
0.00004190
0.00003693
0.00002505
-0.00002137
0.00007448
0.00007298
0.00006175
0.00000359
0.00012225
0.00012197
0.00010285
0.00002073
0.00016217
0.00016065
0.00014141
0.00004460
0.00001771
0.00002198
0.00002456
0.00002426
-0.00003708
-0.00003100
-0.00002525
-0.00001499
0.00000966
0.00000910
0.00001349
-0.00000349
0.00004718
0.00004555
0.00005398
0.00002088
0.00001413
0.00002341
0.00002709
0.00002347
0.00005258
0.00007127
0.00006100
0.00004958
0.00002575
0.00003785
0.00003722
0.00005029
-0.00002958
-0.00001649
-0.00001575
0.00001045
0.00001894
0.00002648
0.00002548
0.00001983
-0.00003304
-0.00002397
-0.00002819
-0.00002238
0.00000843
0.00001715
0.00001270
-0.00000868
0.00005254
0.00005783
0.00004683
0.00002491
0.00001830
0.00003013
0.00001971
0.00001742
0.00005936
0.00006542
0.00005842
0.00004834
0.00002554
0.00003489
0.00003333
0.00004634
-0.00002667
-0.00001904
-0.00001920
0.00000628
0.00002037
0.00002933
0.00001944
0.00002032
-0.00004077
-0.00002792
-0.00003244
-0.00001784
0.00001050
0.00002245
0.00000879
-0.00000380
0.00004826
0.00006338
0.00004046
0.00002516
0.00001906
0.00003165
0.00001974
0.00002278
0.00005209
0.00006900
0.00005440
0.00004677
0.00002123
0.00004120
0.00001742
0.00005189
-0.00003303
-0.00001194
-0.00002563
0.00001046
0.00001893
0.00003107
0.00002692
0.00002232
-0.00003575
-0.00002301
-0.00001761
-0.00001152
0.00001663
0.00002012
0.00002153
0.00000245
0.00005306
0.00006233
0.00005358
0.00003097
0.00002134
0.00003160
0.00002993
0.00002291
0.00005919
0.00007383
0.00006860
0.00005005
0.00003095
0.00004477
0.00004461
0.00005201
-0.00002311
-0.00001560
-0.00001021
0.00001202
0.00002070
0.00002921
0.00003012
0.00002113
-0.00003410
-0.00002522
-0.00002250
-0.00001560
0.00001945
0.00001818
0.00001996
-0.00000424
0.00005643
0.00006003
0.00005517
0.00002760
0.00002594
0.00003102
0.00003066
0.00002164
0.00006199
0.00006901
0.00006457
0.00004203
0.00003454
0.00004110
0.00004492
0.00004049
-0.00002292
-0.00001793
-0.00000833
0.00000098
0.00002538
0.00003134
0.00003236
0.00001864
-0.00003019
-0.00002749
-0.00001715
-0.00002219
0.00001691
0.00002051
0.00002283
-0.00000541
0.00005411
0.00006025
0.00005400
0.00002077
0.00002843
0.00003427
0.00003126
0.00001734
0.00006926
0.00007836
0.00007056
0.00004217
0.00004439
0.00004899
0.00004883
0.00004570
-0.00001685
-0.00000816
-0.00000505
0.00000067
0.00003512
0.00003703
0.00003399
0.00001608
-0.00002193
-0.00002703
-0.00002482
-0.00002676
0.00002557
0.00002380
0.00001613
-0.00001432
0.00006166
0.00005970
0.00005565
0.00001562
0.00003115
0.00003185
0.00002653
0.00000913
0.00007105
0.00007749
0.00006374
0.00004079
0.00003967
0.00004693
0.00004146
0.00003174
-0.00001879
-0.00001369
-0.00000827
-0.00000936
0.00003312
0.00003253
0.00001682
0.00000731
-0.00001970
-0.00002535
-0.00003543
-0.00002712
0.00002561
0.00002106
0.00000371
-0.00001954
0.00006588
0.00006521
0.00004048
0.00000768
0.00003594
0.00003154
0.00001651
0.00001355
0.00007686
0.00007314
0.00005074
0.00004201
0.00004531
0.00005097
0.00002879
0.00004088
-0.00000094
-0.00000206
-0.00001441
0.00001232
0.00004066
0.00003690
0.00001526
0.00002159
-0.00001348
-0.00002013
-0.00003972
-0.00001990
0.00003356
0.00002479
-0.00000055
-0.00001012
0.00007826
0.00007352
0.00003847
0.00002588
0.00004114
0.00003878
0.00001101
0.00002218
-0.00001474
-0.00002328
-0.00003757
-0.00001617
0.00003756
0.00002518
-0.00000043
-0.00000512
-0.00002467
-0.00002982
-0.00006087
-0.00004693
0.00002435
0.00002000
-0.00001696
-0.00003002
0.00006647
0.00005664
0.00002201
-0.00000134
0.00003625
0.00002809
-0.00000441
0.00000022
-0.00002065
-0.00002711
-0.00005543
-0.00003809
0.00002628
0.00001523
-0.00001191
-0.00002481
-0.00003348
-0.00004249
-0.00006458
-0.00006775
0.00001439
0.00000006
-0.00002488
-0.00005225
0.00005576
0.00004803
0.00000723
-0.00002148
0.00002343
0.00001258
-0.00001044
-0.00002183
0.00006679
0.00005803
0.00003385
0.00000392
0.00003566
0.00002888
0.00000506
0.00000191
-0.00001675
-0.00002834
-0.00004551
-0.00003151
0.00002716
0.00001685
-0.00000492
-0.00002036
-0.00003174
-0.00004704
-0.00006343
-0.00006934
0.00001429
-0.00000200
-0.00002075
-0.00005491
0.00005615
0.00004233
0.00001364
-0.00003107
0.00002706
0.00001203
-0.00000653
-0.00002586
0.00006771
0.00005412
0.00002963
-0.00000039
0.00003602
0.00002865
0.00000718
-0.00000059
-0.00002213
-0.00003661
-0.00005486
-0.00004440
0.00002491
0.00001157
-0.00001327
-0.00002935
-0.00003324
-0.00004886
-0.00006868
-0.00007258
0.00001599
0.00000082
-0.00002503
-0.00005266
0.00005110
0.00003915
0.00000732
-0.00003457
0.00002561
0.00001628
-0.00001249
-0.00002464
0.00006975
0.00006048
0.00002742
0.00000319
0.00004054
0.00003320
0.00000477
0.00000588
-0.00002091
-0.00002852
-0.00005130
-0.00003671
0.00002562
0.00001257
-0.00001276
-0.00002278
-0.00003382
-0.00004770
-0.00006737
-0.00006445
0.00001242
-0.00000200
-0.00002698
-0.00005049
0.00005225
0.00003869
0.00000837
-0.00002024
0.00002162
0.00000964
-0.00002228
-0.00002325
0.00006833
0.00005806
0.00001143
0.00000315
0.00003327
0.00003106
-0.00000984
0.00000130
-0.00002159
-0.00003185
-0.00006326
-0.00003804
0.00002521
0.00001423
-0.00002575
-0.00002288
-0.00003698
-0.00004637
-0.00008045
-0.00005881
0.00001561
0.00000150
-0.00004036
-0.00004490
0.00006022
0.00004008
-0.00000421
-0.00001875
0.00002612
0.00001714
-0.00002656
-0.00002290
0.00006977
0.00005618
0.00001072
0.00000654
0.00004163
0.00002895
-0.00000720
0.00000825
-0.00002369
-0.00003552
-0.00006682
-0.00003753
0.00003024
0.00001613
-0.00002688
-0.00002584
-0.00002949
-0.00004664
-0.00008483
-0.00006840
0.00001676
-0.00000135
-0.00004966
-0.00005294
0.00005866
0.00004922
-0.00001030
-0.00003046
0.00002598
0.00002216
-0.00003478
-0.00002949
0.00006798
0.00006678
0.00000370
-0.00000698
0.00003646
0.00003747
-0.00002092
-0.00000539
-0.00002442
-0.00002190
-0.00007766
-0.00004844
0.00002226
0.00001782
-0.00003678
-0.00003162
-0.00003806
-0.00004922
-0.00009596
-0.00007361
0.00001257
0.00000190
-0.00004821
-0.00006263
0.00005477
0.00004323
-0.00001164
-0.00003120
0.00002724
0.00001607
-0.00003319
-0.00003046
0.00007869
0.00006730
0.00000900
-0.00002032
0.00012416
0.00010895
0.00004318
0.00001539
0.00009612
0.00008693
0.00002250
0.00001343
0.00003314
0.00001870
-0.00003458
-0.00003157
0.00000668
-0.00000812
-0.00005724
-0.00003510
-0.00005998
-0.00007633
-0.00011902
-0.00007856
-0.00001176
-0.00002480
-0.00007996
-0.00005978
0.00003496
0.00001907
-0.00003944
-0.00003218
0.00008192
0.00005968
0.00000218
-0.00002179
0.00012859
0.00010985
0.00004404
0.00001095
0.00009757
0.00008298
0.00002075
0.00000810
0.00003407
0.00001798
-0.00003909
-0.00003143
0.00000127
-0.00001022
-0.00005935
-0.00002854
-0.00005525
-0.00006975
-0.00011210
-0.00006576
-0.00001296
-0.00002336
-0.00007994
-0.00005715
0.00003242
0.00002127
-0.00003691
-0.00002529
0.00007893
0.00006542
0.00000595
-0.00001456
0.00012159
0.00010731
0.00004175
0.00001224
0.00009354
0.00008283
0.00001945
0.00001116
0.00002993
0.00002015
-0.00003781
-0.00002506
0.00000103
-0.00000574
-0.00006278
-0.00002083
-0.00006399
-0.00007191
-0.00012170
-0.00006944
-0.00001513
-0.00002524
-0.00008254
-0.00005255
0.00003502
0.00002298
-0.00004083
-0.00002213
0.00008428
0.00006756
0.00000275
-0.00000708
0.00012509
0.00011274
0.00002994
0.00002293
0.00009484
0.00008687
0.00001099
0.00002141
0.00003750
0.00002338
-0.00004152
-0.00002088
0.00000870
-0.00000266
-0.00006343
-0.00001936
-0.00005851
-0.00006774
-0.00012013
-0.00006058
-0.00001222
-0.00002317
-0.00008201
-0.00005003
0.00003084
0.00002065
-0.00004657
-0.00002007
0.00007952
0.00006864
-0.00000343
-0.00000669
0.00012652
0.00011395
0.00003980
0.00002265
0.00009367
0.00008620
0.00001653
0.00001908
0.00003292
0.00002110
-0.00003960
-0.00002398
-0.00000280
-0.00000876
-0.00006272
-0.00002970
-0.00006709
-0.00007678
-0.00012490
-0.00007182
-0.00001717
-0.00003081
-0.00008613
-0.00005660
0.00002893
0.00001982
-0.00004377
-0.00002905
0.00007496
0.00006737
-0.00000205
-0.00001949
0.00011841
0.00011272
0.00003982
0.00001536
0.00009145
0.00008442
0.00001172
0.00001261
0.00002483
0.00001851
-0.00004311
-0.00002847
0.00000029
-0.00000187
-0.00005873
-0.00002071
-0.00005879
-0.00006721
-0.00011782
-0.00006317
-0.00001014
-0.00002147
-0.00007820
-0.00004696
0.00003522
0.00002396
-0.00003401
-0.00001892
0.00000373
-0.00000498
-0.00005919
-0.00001797
-0.00006158
-0.00007009
-0.00011517
-0.00006333
-0.00001137
-0.00002437
-0.00007021
-0.00005026
0.00003413
0.00001934
-0.00004343
-0.00001914
0.00008382
0.00007047
-0.00000353
-0.00000195
0.00012818
0.00011578
0.00004141
0.00003228
0.00009677
0.00008214
0.00001415
0.00002706
0.00003301
0.00001848
-0.00004238
-0.00001087
0.00000301
-0.00000958
-0.00006229
-0.00001354
-0.00006247
-0.00007418
-0.00012708
-0.00005626
-0.00001540
-0.00002733
-0.00008978
-0.00004379
0.00003651
0.00002106
-0.00004487
-0.00001037
0.00008527
0.00006590
-0.00000617
-0.00000290
0.00012996
0.00011587
0.00003514
0.00002814
0.00010031
0.00008859
0.00000905
0.00002826
0.00003757
0.00002483
-0.00004548
-0.00001236
0.00001203
0.00000421
-0.00006312
-0.00000754
-0.00005729
-0.00007063
-0.00012557
-0.00006196
-0.00000530
-0.00002337
-0.00008312
-0.00004268
0.00003909
0.00002093
-0.00004721
-0.00001332
0.00008692
0.00007292
-0.00000842
0.00000030
0.00013777
0.00011906
0.00003560
0.00003058
0.00010999
0.00009176
0.00001081
0.00003126
0.00004566
0.00002939
-0.00004623
-0.00001119
0.00001935
0.00000322
-0.00006835
-0.00001536
-0.00004372
-0.00006521
-0.00012816
-0.00006593
0.00000407
-0.00001253
-0.00008712
-0.00004239
0.00004850
0.00003380
-0.00004626
-0.00001565
0.00010196
0.00008233
-0.00000209
0.00000360
0.00014651
0.00012627
0.00004011
0.00003369
0.00011405
0.00009676
0.00001856
0.00003234
0.00004514
0.00002938
-0.00004530
-0.00001410
0.00001590
-0.00000005
-0.00006382
-0.00001773
-0.00004866
-0.00006262
-0.00012511
-0.00005820
-0.00000212
-0.00001848
-0.00008268
-0.00003910
0.00004274
0.00002929
-0.00004609
-0.00001369
0.00008804
0.00007751
0.00000053
0.00000016
0.00013233
0.00012132
0.00003940
0.00002785
0.00010739
0.00009350
0.00001738
0.00002906
0.00004197
0.00002650
-0.00003905
-0.00001874
0.00001374
-0.00000381
-0.00006025
-0.00001340
-0.00004392
-0.00006624
-0.00011834
-0.00005645
0.00000239
-0.00001608
-0.00007692
-0.00004350
0.00004614
0.00002900
-0.00003780
-0.00001509
0.00009146
0.00007244
-0.00000114
-0.00000496
0.00014341
0.00012261
0.00004027
0.00002282
0.00011340
0.00009183
0.00002049
0.00001900
0.00004510
0.00002253
-0.00003585
-0.00002286
0.00002033
-0.00000168
-0.00005474
-0.00001449
-0.00005097
-0.00006588
-0.00011873
-0.00006324
0.00000030
-0.00002524
-0.00007747
-0.00005148
0.00004685
0.00002677
-0.00003333
-0.00002190
0.00010184
0.00007905
0.00001002
-0.00000550
0.00014395
0.00012217
0.00004863
0.00001939
0.00011327
0.00009723
0.00002458
0.00002319
0.00005074
0.00002913
-0.00003353
-0.00001802
0.00002284
0.00000089
-0.00006064
-0.00002467
-0.00004153
-0.00006626
-0.00012005
-0.00006787
0.00000396
-0.00002354
-0.00008288
-0.00004983
0.00004872
0.00002405
-0.00003512
-0.00002494
0.00009848
0.00006727
0.00000359
-0.00001082
0.00014192
0.00011382
0.00004723
0.00001987
0.00010833
0.00008764
0.00001880
0.00001833
0.00004856
0.00001833
-0.00003883
-0.00002669
0.00001862
-0.00000759
-0.00006264
-0.00002959
-0.00004511
-0.00007377
-0.00012173
-0.00006709
0.00000051
-0.00002475
-0.00007861
-0.00005841
0.00004550
0.00001857
-0.00003711
-0.00003168
0.00009370
0.00006589
0.00000501
-0.00002038
0.00014144
0.00011312
0.00004771
0.00000785
0.00011184
0.00008574
0.00002375
0.00000847
0.00004539
0.00001538
-0.00003248
-0.00003334
0.00001560
-0.00001130
-0.00005271
-0.00002689
-0.00004553
-0.00007632
-0.00011030
-0.00006710
0.00000113
-0.00003575
-0.00007153
-0.00005672
0.00005102
0.00001362
-0.00003062
-0.00002814
0.00009518
0.00005333
0.00000594
-0.00001806
0.00014415
0.00009924
0.00004841
0.00000859
0.00011004
0.00007324
0.00002798
0.00001325
0.00004833
0.00000892
-0.00003138
-0.00003495
0.00002161
-0.00001880
-0.00006197
-0.00003610
-0.00004471
-0.00008860
-0.00012026
-0.00007628
0.00000625
0.00001125
0.00000630
-0.00000038
0.00005284
0.00006078
0.00005209
0.00002845
0.00002509
0.00003236
0.00002854
0.00002725
-0.00004220
-0.00003092
-0.00003049
-0.00001486
0.00000893
0.00001721
0.00001126
0.00000111
-0.00006189
-0.00004871
-0.00004821
-0.00003751
-0.00001167
-0.00000201
-0.00000418
-0.00002429
0.00003476
0.00004772
0.00003811
0.00000413
0.00000390
0.00002075
0.00001580
0.00000340
0.00005411
0.00006881
0.00005769
0.00002973
0.00002501
0.00003810
0.00003877
0.00003324
-0.00003832
-0.00002118
-0.00002297
-0.00000848
0.00001138
0.00002357
0.00001943
0.00000714
-0.00005472
-0.00004263
-0.00004261
-0.00003491
-0.00000506
-0.00000115
-0.00000136
-0.00002446
0.00003773
0.00004790
0.00003302
0.00000346
0.00001050
0.00002494
0.00001601
0.00000735
0.00006110
0.00007754
0.00005645
0.00003802
0.00003207
0.00004692
0.00003293
0.00003493
-0.00003156
-0.00001963
-0.00003002
-0.00000850
0.00001479
0.00002641
0.00001651
0.00000491
-0.00005361
-0.00004012
-0.00004389
-0.00003452
-0.00000803
0.00000692
-0.00000660
-0.00002361
0.00004134
0.00005675
0.00003319
0.00000620
0.00001073
0.00002974
0.00001640
0.00000683
0.00005314
0.00007690
0.00006310
0.00002942
0.00002460
0.00005143
0.00003342
0.00003380
-0.00003974
-0.00001442
-0.00002579
-0.00001220
0.00001056
0.00002974
0.00001508
0.00000545
-0.00005636
-0.00003553
-0.00004798
-0.00003552
-0.00000824
0.00000856
-0.00000782
-0.00002392
0.00003813
0.00005365
0.00003698
0.00000649
0.00000886
0.00003241
0.00001552
0.00000412
0.00005649
0.00007993
0.00005401
0.00003090
0.00002346
0.00005035
0.00002755
0.00002549
-0.00003705
-0.00000641
-0.00002803
-0.00000541
0.00000544
0.00003318
0.00001016
0.00000179
-0.00005876
-0.00003714
-0.00005062
-0.00004160
-0.00000938
0.00001241
-0.00000954
-0.00002625
0.00003770
0.00005934
0.00002995
0.00000076
0.00000707
0.00003156
0.00000588
0.00000165
0.00005298
0.00008519
0.00004795
0.00003271
0.00002265
0.00005444
0.00002738
0.00003129
-0.00003720
-0.00001155
-0.00003248
-0.00001045
0.00000467
0.00003790
0.00000367
0.00000033
-0.00006561
-0.00003392
-0.00005431
-0.00003876
-0.00001767
0.00001425
-0.00001463
-0.00002804
0.00003179
0.00006084
0.00003061
0.00000586
0.00000312
0.00003131
0.00000654
0.00000357
0.00005112
0.00008444
0.00005185
0.00003064
0.00002156
0.00005692
0.00003170
0.00002984
-0.00004433
-0.00001166
-0.00002955
-0.00000952
0.00000207
0.00003296
0.00000925
0.00000398
-0.00007067
-0.00003525
-0.00005364
-0.00003762
-0.00002056
0.00001061
-0.00001307
-0.00002748
0.00002603
0.00006326
0.00002300
0.00000379
-0.00000238
0.00003931
0.00000370
0.00000399
0.00004660
0.00008771
0.00004036
0.00003209
0.00001695
0.00006070
0.00002276
0.00003253
-0.00005161
-0.00000350
-0.00003410
-0.00000849
-0.00000235
0.00004213
0.00000226
0.00000316
-0.00006769
-0.00002560
-0.00006364
-0.00003782
-0.00001883
0.00002555
-0.00001958
-0.00002112
0.00002858
0.00007282
0.00001695
0.00000359
0.00000063
0.00005208
0.00000105
0.00000905
0.00004814
0.00010394
0.00004170
0.00004143
0.00002167
0.00007638
0.00002320
0.00004642
-0.00004278
0.00001019
-0.00003934
0.00000258
0.00000361
0.00005431
-0.00000135
0.00001493
-0.00006527
-0.00001628
-0.00006229
-0.00003183
-0.00001288
0.00003046
-0.00002546
-0.00001651
0.00003372
0.00008281
0.00001789
0.00001301
0.00000369
0.00005542
-0.00000557
0.00001212
0.00005139
0.00010095
0.00003679
0.00004199
0.00002034
0.00007759
0.00001644
0.00004010
-0.00003962
0.00000685
-0.00004672
-0.00000323
0.00000877
0.00006052
-0.00000090
0.00001402
-0.00006167
-0.00001048
-0.00005969
-0.00002608
-0.00001207
0.00003843
-0.00001996
-0.00001859
0.00003349
0.00008488
0.00002178
0.00001089
0.00000997
0.00005547
0.00000339
0.00001438
0.00005408
0.00010640
0.00004501
0.00004065
0.00002480
0.00008255
0.00002282
0.00003914
-0.00004028
0.00001285
-0.00003974
-0.00000375
0.00000727
0.00005785
0.00000009
0.00000766
-0.00005939
-0.00001215
-0.00006428
-0.00004004
-0.00001361
0.00003654
-0.00002265
-0.00002713
0.00003525
0.00008974
0.00002179
-0.00000076
0.00000796
0.00006060
-0.00000357
0.00000684
0.00005251
0.00010744
0.00003815
0.00003766
0.00002823
0.00008139
0.00002120
0.00004480
-0.00003999
0.00001390
-0.00004471
-0.00000531
0.00000785
0.00006047
-0.00000153
0.00001323
0.00005459
0.00010974
0.00004205
0.00004029
0.00002472
0.00008158
0.00001596
0.00003692
0.00006909
0.00013399
0.00006057
0.00006526
0.00004449
0.00010927
0.00003614
0.00006488
-0.00002273
0.00004213
-0.00002668
0.00002639
0.00002823
0.00008655
0.00001692
0.00003681
0.00008164
0.00014446
0.00006660
0.00007035
0.00004580
0.00011183
0.00003495
0.00006397
0.00009255
0.00015871
0.00007684
0.00008617
0.00005845
0.00013621
0.00005766
0.00009232
0.00000003
0.00006700
-0.00000156
0.00005411
0.00004800
0.00011255
0.00003625
0.00006475
-0.00002239
0.00003980
-0.00002862
0.00001981
0.00002786
0.00009621
0.00001220
0.00003171
0.00007618
0.00013976
0.00005409
0.00005967
0.00004978
0.00011439
0.00003109
0.00006627
0.00010402
0.00016835
0.00007800
0.00009451
0.00006963
0.00014066
0.00005365
0.00009312
0.00000472
0.00006837
-0.00000611
0.00004911
0.00005347
0.00011846
0.00003363
0.00006820
-0.00000697
0.00005277
-0.00002544
0.00002891
0.00004286
0.00009935
0.00001672
0.00004380
0.00008370
0.00014383
0.00005968
0.00006645
0.00005386
0.00011726
0.00003512
0.00007332
0.00010075
0.00017043
0.00008018
0.00010284
0.00007062
0.00013889
0.00004842
0.00010062
0.00000431
0.00007572
-0.00001308
0.00006499
0.00005545
0.00011989
0.00003409
0.00007408
-0.00001114
0.00004710
-0.00002933
0.00003283
0.00003511
0.00009266
0.00001082
0.00005034
0.00008535
0.00014248
0.00005923
0.00007316
0.00005601
0.00011222
0.00003229
0.00007783
0.00010204
0.00016151
0.00007183
0.00010693
0.00007334
0.00013812
0.00005269
0.00011198
0.00000773
0.00007225
-0.00000754
0.00006969
0.00005955
0.00011587
0.00003104
0.00008360
0.00003295
0.00009522
0.00001222
0.00008378
-0.00003755
0.00002494
-0.00005032
0.00004500
0.00000792
0.00006447
-0.00001403
0.00005225
0.00005632
0.00011637
0.00002945
0.00008329
0.00010381
0.00016376
0.00006352
0.00009494
0.00015204
0.00021736
0.00010908
0.00012290
0.00012294
0.00019297
0.00008752
0.00012821
0.00005520
0.00012456
0.00002743
0.00008174
0.00002772
0.00009327
0.00001015
0.00008231
-0.00003935
0.00002619
-0.00005300
0.00003960
0.00000863
0.00006890
-0.00001758
0.00005201
0.00005083
0.00011578
0.00003057
0.00007789
0.00009880
0.00015930
0.00007118
0.00009068
0.00015125
0.00021164
0.00011951
0.00012277
0.00012227
0.00018138
0.00009652
0.00011775
0.00005544
0.00011579
0.00002894
0.00007983
0.00002732
0.00008713
0.00001106
0.00007841
-0.00003932
0.00001916
-0.00005144
0.00003512
0.00000312
0.00006189
-0.00001713
0.00004541
0.00006115
0.00011838
0.00003802
0.00007842
0.00011164
0.00016668
0.00007868
0.00008720
0.00016410
0.00021827
0.00012561
0.00011867
0.00013366
0.00018836
0.00010372
0.00012261
0.00007066
0.00012322
0.00004398
0.00007986
0.00004061
0.00009618
0.00001855
0.00008377
-0.00002744
0.00002528
-0.00004565
0.00004113
0.00002118
0.00007480
0.00000227
0.00005218
0.00007232
0.00012095
0.00004210
0.00007971
0.00011740
0.00016245
0.00007843
0.00009187
0.00016678
0.00020896
0.00012450
0.00011978
0.00013902
0.00018712
0.00010194
0.00012070
0.00007029
0.00011715
0.00003500
0.00008264
0.00004147
0.00008891
0.00001176
0.00008853
-0.00002372
0.00002690
-0.00004981
0.00004220
0.00002425
0.00006812
-0.00000649
0.00005774
0.00007169
0.00011520
0.00003127
0.00008260
0.00011917
0.00015636
0.00007283
0.00009138
0.00016521
0.00020676
0.00011031
0.00011952
0.00013801
0.00018092
0.00009219
0.00012157
0.00007524
0.00011194
0.00003583
0.00008041
0.00004922
0.00008481
0.00000974
0.00007963
-0.00001665
0.00001929
-0.00004484
0.00004586
0.00002856
0.00006487
-0.00000926
0.00005821
0.00008066
0.00011330
0.00003779
0.00008749
0.00012712
0.00015461
0.00008131
0.00010364
0.00017777
0.00020814
0.00012546
0.00012899
0.00014449
0.00017947
0.00010184
0.00012676
0.00008215
0.00011233
0.00004502
0.00008629
0.00005479
0.00008168
0.00002771
0.00008976
-0.00000980
0.00001561
-0.00003249
0.00004989
0.00003818
0.00006554
0.00000442
0.00006127
0.00008624
0.00011495
0.00004678
0.00008797
0.00013869
0.00016646
0.00007703
0.00009593
0.00018465
0.00021810
0.00012516
0.00012711
0.00015665
0.00018639
0.00009968
0.00012640
0.00009305
0.00012091
0.00004249
0.00008789
0.00006039
0.00009194
0.00001373
0.00008711
-0.00000652
0.00002689
-0.00004468
0.00004976
0.00004763
0.00007578
-0.00000080
0.00006521
0.00008915
0.00011979
0.00003672
0.00008577
0.00013227
0.00016190
0.00007313
0.00009348
0.00018179
0.00021735
0.00012466
0.00012508
0.00015830
0.00019004
0.00010684
0.00012942
0.00009850
0.00012770
0.00004858
0.00009445
0.00007180
0.00010598
0.00003234
0.00009945
0.00000636
0.00003581
-0.00003732
0.00005394
0.00005678
0.00008327
0.00000894
0.00006605
0.00010445
0.00013789
0.00005492
0.00009470
0.00015150
0.00018206
0.00009233
0.00010569
0.00019749
0.00023042
0.00014160
0.00012960
0.00016699
0.00020420
0.00011612
0.00013371
0.00009891
0.00013722
0.00005409
0.00008960
0.00007299
0.00011294
0.00003487
0.00009219
-0.00000078
0.00004601
-0.00002585
0.00005524
0.00004939
0.00008860
0.00000739
0.00006633
0.00009825
0.00014249
0.00004769
0.00009154
0.00014376
0.00018612
0.00008511
0.00010468
0.00018782
0.00023191
0.00013051
0.00013234
0.00016186
0.00020933
0.00010988
0.00013181
0.00009684
0.00013972
0.00005081
0.00009360
0.00006532
0.00011194
0.00003624
0.00009706
-0.00000282
0.00004923
-0.00002412
0.00005814
0.00004654
0.00008668
0.00000890
0.00007018
0.00009422
0.00014326
0.00005633
0.00009097
0.00014146
0.00019369
0.00009501
0.00010459
0.00018510
0.00023294
0.00013057
0.00011823
0.00015233
0.00021175
0.00010773
0.00012411
0.00009146
0.00014436
0.00005312
0.00008918
0.00006055
0.00011398
0.00003154
0.00009083
-0.00000583
0.00005029
-0.00002799
0.00005155
0.00003882
0.00009477
0.00000971
0.00006076
0.00008810
0.00014347
0.00005611
0.00008453
0.00012950
0.00018951
0.00009120
0.00008688
0.00018207
0.00023528
0.00013791
0.00011990
0.00015437
0.00020805
0.00011383
0.00012368
0.00008162
0.00014421
0.00004890
0.00007938
0.00005521
0.00011639
0.00002266
0.00008289
-0.00001221
0.00004973
-0.00004087
0.00004249
0.00003572
0.00009188
0.00000398
0.00005448
0.00007958
0.00013869
0.00004526
0.00007393
0.00013378
0.00018654
0.00008696
0.00008286
0.00017741
0.00022654
0.00012511
0.00011057
0.00015105
0.00020979
0.00010603
0.00011482
0.00008742
0.00014462
0.00004893
0.00007845
0.00006241
0.00011879
0.00002942
0.00008398
-0.00000550
0.00005390
-0.00003682
0.00003888
0.00003953
0.00009255
0.00000203
0.00005356
0.00009065
0.00014256
0.00004545
0.00007764
0.00013685
0.00018192
0.00008234
0.00009143
0.00018454
0.00023359
0.00012867
0.00011435
0.00015667
0.00021000
0.00010686
0.00011637
0.00009050
0.00013578
0.00005038
0.00007628
0.00005920
0.00010624
0.00002472
0.00007691
-0.00000550
0.00004104
-0.00003528
0.00004049
0.00003835
0.00008473
-0.00000167
0.00004746
0.00009105
0.00013303
0.00004405
0.00007703
0.00013728
0.00017860
0.00008189
0.00008838
0.00018525
0.00022589
0.00013048
0.00011150
0.00015432
0.00019771
0.00010647
0.00011695
0.00009646
0.00014270
0.00005736
0.00008158
0.00006610
0.00012445
0.00003510
0.00008662
-0.00000070
0.00005199
-0.00002236
0.00004313
0.00004836
0.00009825
0.00001588
0.00005005
0.00009849
0.00014364
0.00005630
0.00008320
0.00014381
0.00019317
0.00009392
0.00009347
0.00019224
0.00023848
0.00013954
0.00012093
0.00016522
0.00021627
0.00011959
0.00012119
0.00009968
0.00014678
0.00005520
0.00008450
0.00006950
0.00011980
0.00003852
0.00008315
0.00000694
0.00005498
-0.00002219
0.00004565
0.00005468
0.00009887
0.00000518
0.00005623
0.00010242
0.00014992
0.00005352
0.00007992
0.00014615
0.00019633
0.00009207
0.00009466
0.00019660
0.00024434
0.00013552
0.00011786
0.00002510
0.00003433
0.00002888
0.00002952
-0.00003591
-0.00002528
-0.00002536
0.00000157
0.00000068
0.00001421
0.00000646
0.00000233
0.00005424
0.00006721
0.00005380
0.00002870
0.00002215
0.00004171
0.00003510
0.00003775
0.00006784
0.00008530
0.00007131
0.00005625
0.00004106
0.00005877
0.00005029
0.00006301
-0.00002494
-0.00000785
-0.00000700
0.00002607
0.00001876
0.00003666
0.00003056
0.00003583
-0.00004481
-0.00002902
-0.00002546
0.00000102
-0.00000346
0.00001131
0.00000624
0.00000726
0.00004412
0.00006104
0.00005020
0.00003497
0.00002022
0.00003352
0.00002366
0.00003625
-0.00005405
-0.00003936
-0.00003049
-0.00000665
-0.00000625
0.00001075
0.00000184
0.00000328
-0.00007355
-0.00005483
-0.00005739
-0.00003377
-0.00002825
-0.00001371
-0.00001926
-0.00002637
0.00001954
0.00003260
0.00002340
-0.00000217
-0.00001345
0.00001002
0.00000006
-0.00000043
0.00003339
0.00006140
0.00003642
0.00002334
0.00000814
0.00004336
0.00001845
0.00002567
-0.00005901
-0.00002704
-0.00004252
-0.00001396
-0.00001152
0.00001704
-0.00000104
-0.00000341
-0.00007384
-0.00004097
-0.00005652
-0.00003958
-0.00003329
-0.00000434
-0.00002657
-0.00003548
0.00001126
0.00004249
0.00001579
-0.00001182
-0.00001199
0.00001785
-0.00000127
-0.00000856
0.00003283
0.00006365
0.00004030
0.00001062
0.00000984
0.00004023
0.00002162
0.00001516
-0.00005598
-0.00002575
-0.00003677
-0.00002379
-0.00001099
0.00001914
0.00000097
-0.00001429
-0.00007618
-0.00004275
-0.00006047
-0.00005458
-0.00003301
-0.00000731
-0.00002908
-0.00004428
0.00001461
0.00004932
0.00001916
-0.00002443
-0.00001082
0.00002212
-0.00000738
-0.00002263
0.00003495
0.00007156
0.00003339
0.00000133
0.00001034
0.00005106
0.00001498
0.00000671
-0.00005240
-0.00001551
-0.00004106
-0.00002872
-0.00000899
0.00002748
-0.00000440
-0.00001730
-0.00007298
-0.00003753
-0.00006601
-0.00005550
-0.00002955
0.00000259
-0.00003209
-0.00004967
0.00001896
0.00005292
0.00001373
-0.00002011
-0.00000848
0.00002958
-0.00000514
-0.00001534
0.00004483
0.00007762
0.00003779
0.00001456
0.00001304
0.00005681
0.00001955
0.00002017
-0.00004821
-0.00000895
-0.00003672
-0.00001866
-0.00000179
0.00003144
0.00000069
-0.00001168
-0.00006710
-0.00003189
-0.00005769
-0.00004588
-0.00002504
0.00000716
-0.00002153
-0.00003553
0.00002153
0.00005158
0.00002268
-0.00001299
-0.00000152
0.00003216
0.00000434
-0.00000641
0.00004229
0.00007823
0.00003990
0.00001803
0.00002044
0.00005864
0.00002320
0.00002325
-0.00004307
-0.00000652
-0.00003384
-0.00000865
0.00000422
0.00003338
0.00000516
-0.00000058
-0.00006910
-0.00003013
-0.00005532
-0.00004058
-0.00002760
0.00001264
-0.00001928
-0.00003283
0.00002554
0.00006141
0.00002714
-0.00000358
-0.00000021
0.00003640
0.00000235
-0.00000661
0.00004739
0.00008838
0.00004753
0.00001651
0.00002094
0.00006233
0.00002972
0.00001557
-0.00004308
0.00000090
-0.00003165
-0.00001728
-0.00000398
0.00004146
0.00000325
-0.00001215
-0.00006677
-0.00001905
-0.00005414
-0.00004675
-0.00002630
0.00001840
-0.00002360
-0.00004494
0.00001908
0.00006065
0.00002329
-0.00001788
-0.00000336
0.00003845
-0.00000126
-0.00001528
0.00003501
0.00008605
0.00003537
0.00000937
0.00000858
0.00005205
0.00001660
0.00000914
-0.00004611
0.00000469
-0.00003458
-0.00001693
-0.00001238
0.00003464
-0.00000629
-0.00001744
-0.00008256
-0.00003000
-0.00005967
-0.00005940
-0.00003830
0.00001126
-0.00003133
-0.00004893
0.00000853
0.00006246
0.00001445
-0.00002139
-0.00001479
0.00003659
-0.00000624
-0.00002510
0.00003230
0.00008297
0.00003769
-0.00000494
0.00000996
0.00006640
0.00001453
-0.00000119
-0.00005962
-0.00000243
-0.00004233
-0.00003532
-0.00001448
0.00003805
-0.00000493
-0.00002250
-0.00008238
-0.00003093
-0.00006388
-0.00006919
-0.00004219
0.00000965
-0.00003036
-0.00006292
0.00001350
0.00006649
0.00001788
-0.00002867
-0.00001915
0.00003547
-0.00000628
-0.00002992
0.00002742
0.00007547
0.00003108
-0.00000418
0.00000165
0.00005708
0.00001346
0.00000674
-0.00006190
-0.00000989
-0.00004061
-0.00003160
-0.00002269
0.00002936
-0.00000773
-0.00002584
-0.00008860
-0.00002478
-0.00005872
-0.00006047
-0.00004284
0.00001326
-0.00002266
-0.00005158
0.00000587
0.00005716
0.00000254
-0.00003009
-0.00001727
0.00004315
-0.00000834
-0.00002529
0.00002874
0.00009097
0.00003539
-0.00000476
0.00000818
0.00006650
0.00001595
0.00000508
-0.00005718
0.00000371
-0.00004061
-0.00003318
-0.00001593
0.00004161
-0.00000498
-0.00002803
-0.00007437
-0.00001996
-0.00006245
-0.00005882
-0.00003191
0.00001996
-0.00002761
-0.00005549
0.00001174
0.00006721
0.00001975
-0.00003103
-0.00001757
0.00003929
-0.00000450
-0.00002521
0.00002530
0.00007521
0.00003859
-0.00000463
0.00000263
0.00005065
0.00002184
0.00000158
-0.00006175
-0.00001566
-0.00003553
-0.00003920
-0.00001864
0.00002643
-0.00000151
-0.00002638
-0.00008055
-0.00004154
-0.00006289
-0.00006137
-0.00003699
-0.00000776
-0.00002622
-0.00005432
0.00000892
0.00004084
0.00001166
-0.00002977
-0.00001584
0.00002030
-0.00000708
-0.00003062
0.00003793
0.00006790
0.00003134
-0.00000727
0.00001039
0.00004070
0.00001535
-0.00000363
-0.00005112
-0.00002643
-0.00004243
-0.00003801
-0.00000965
0.00002054
-0.00000665
-0.00003143
-0.00007580
-0.00004111
-0.00006334
-0.00006193
-0.00003356
-0.00000242
-0.00002986
-0.00005834
0.00001356
0.00004020
0.00001058
-0.00003557
-0.00001327
0.00002293
-0.00000672
-0.00002805
0.00003581
0.00006958
0.00003404
-0.00000742
0.00001184
0.00005051
0.00001354
-0.00000049
-0.00005096
-0.00001509
-0.00003882
-0.00003143
-0.00001492
0.00002325
-0.00000473
-0.00003014
-0.00007248
-0.00003815
-0.00005564
-0.00006187
-0.00003456
-0.00000193
-0.00002342
-0.00005153
0.00000877
0.00004769
0.00001667
-0.00003312
-0.00001244
0.00002408
0.00000470
-0.00002994
0.00003656
0.00007585
0.00004984
-0.00000743
0.00000587
0.00004651
0.00002688
0.00000218
-0.00005338
-0.00001437
-0.00002915
-0.00003027
-0.00000692
0.00003552
0.00001306
-0.00001925
-0.00007183
-0.00002317
-0.00003753
-0.00004603
-0.00003230
0.00001278
-0.00000710
-0.00004974
0.00002236
0.00006777
0.00004157
-0.00002345
-0.00001163
0.00004075
0.00001506
-0.00001965
0.00002661
0.00007916
0.00005107
-0.00001579
0.00006606
0.00012012
0.00008503
0.00000151
0.00004809
0.00010116
0.00007135
0.00001222
-0.00001298
0.00003526
0.00001659
-0.00002226
-0.00003405
0.00001327
0.00000304
-0.00001671
-0.00009551
-0.00004668
-0.00005426
-0.00004775
-0.00005992
-0.00000832
-0.00002669
-0.00004241
-0.00001212
0.00003176
0.00001628
-0.00002280
0.00002642
0.00007535
0.00003930
-0.00002257
0.00006880
0.00011502
0.00007970
-0.00000451
0.00005192
0.00010014
0.00006888
0.00001092
-0.00000834
0.00003196
0.00001112
-0.00002608
-0.00003147
0.00001398
-0.00000187
-0.00001382
-0.00009399
-0.00005124
-0.00005894
-0.00005011
-0.00005915
-0.00001571
-0.00002775
-0.00004888
-0.00001199
0.00003142
0.00000912
-0.00002598
0.00002900
0.00006319
0.00003899
-0.00003042
0.00007153
0.00011050
0.00007304
-0.00000691
0.00004971
0.00009319
0.00005736
0.00000292
-0.00001072
0.00003337
0.00000580
-0.00003022
-0.00003462
0.00001039
-0.00001010
-0.00002013
-0.00010039
-0.00004958
-0.00006097
-0.00005285
-0.00005519
-0.00001275
-0.00003096
-0.00004561
-0.00001036
0.00003121
0.00000753
-0.00002865
0.00003012
0.00006401
0.00003774
-0.00002677
0.00007092
0.00011304
0.00007598
-0.00000931
0.00005035
0.00009233
0.00006195
0.00000238
-0.00000897
0.00003576
0.00001426
-0.00002619
-0.00002857
0.00001636
-0.00000380
-0.00001777
-0.00009256
-0.00004311
-0.00005589
-0.00004551
-0.00005129
-0.00000842
-0.00002606
-0.00004850
-0.00000828
0.00003591
0.00001664
-0.00001974
0.00003139
0.00007776
0.00005013
-0.00001450
0.00007756
0.00012424
0.00009580
0.00000841
0.00004754
0.00009942
0.00006774
0.00001062
-0.00000593
0.00004704
0.00001963
-0.00001547
-0.00002552
0.00002947
0.00000549
-0.00000201
-0.00008873
-0.00003078
-0.00005557
-0.00004069
-0.00005225
-0.00000129
-0.00002315
-0.00003751
-0.00000769
0.00004780
0.00001474
-0.00001774
0.00002793
0.00008698
0.00004751
-0.00001325
0.00007661
0.00013099
0.00008431
0.00000886
0.00005109
0.00010364
0.00007004
0.00001715
-0.00000661
0.00004208
0.00002029
-0.00001376
-0.00003393
0.00002362
0.00000611
0.00000092
-0.00009015
-0.00004009
-0.00004390
-0.00003205
-0.00005105
-0.00000195
-0.00001642
-0.00002936
-0.00000442
0.00004383
0.00002358
-0.00001003
0.00003018
0.00007765
0.00005396
-0.00001525
0.00007619
0.00012724
0.00009407
0.00000774
0.00005217
0.00010679
0.00007412
0.00001272
-0.00000814
0.00004403
0.00002558
-0.00001169
-0.00003129
0.00002539
0.00001236
-0.00000400
-0.00009112
-0.00003419
-0.00004183
-0.00003084
-0.00005267
0.00000761
-0.00001313
-0.00003191
-0.00000828
0.00004559
0.00002858
-0.00001354
0.00003004
0.00007662
0.00006051
-0.00001657
0.00007233
0.00012246
0.00009763
0.00000081
0.00005070
0.00010564
0.00008554
0.00001440
-0.00000829
0.00004152
0.00003211
-0.00001675
-0.00003273
0.00002598
0.00002352
-0.00000845
-0.00009243
-0.00003321
-0.00003542
-0.00003890
-0.00005750
0.00000761
-0.00000722
-0.00003799
-0.00000866
0.00004836
0.00003301
-0.00001871
0.00002775
0.00008554
0.00006758
-0.00001767
0.00007099
0.00013350
0.00010633
0.00000402
0.00004651
0.00011136
0.00008743
0.00001286
-0.00001574
0.00004749
0.00003210
-0.00001847
-0.00004074
0.00003032
0.00001221
-0.00000411
-0.00009978
-0.00002730
-0.00004233
-0.00003585
-0.00006621
0.00000256
-0.00001093
-0.00003853
-0.00002092
0.00004469
0.00002814
-0.00001957
0.00001457
0.00008029
0.00005770
-0.00002093
0.00005917
0.00012163
0.00009551
-0.00000197
0.00004068
0.00010575
0.00008815
0.00000928
-0.00001963
0.00004026
0.00003383
-0.00001829
-0.00004229
0.00002260
0.00002406
-0.00000745
-0.00010533
-0.00003613
-0.00003745
-0.00003910
-0.00006477
0.00000251
-0.00000019
-0.00003348
-0.00002304
0.00004304
0.00003699
-0.00001489
0.00000964
0.00007395
0.00006342
-0.00001758
0.00005922
0.00012216
0.00010135
0.00000172
0.00003960
0.00010279
0.00008728
0.00000713
-0.00002525
0.00003937
0.00003485
-0.00001268
-0.00004046
0.00001888
0.00002115
0.00000043
-0.00010291
-0.00004359
-0.00003544
-0.00003474
-0.00006623
-0.00000308
-0.00000277
-0.00003347
-0.00002253
0.00004041
0.00003636
-0.00001388
0.00001402
0.00007697
0.00006753
-0.00001411
0.00006216
0.00011918
0.00010366
0.00000114
0.00004085
0.00010778
0.00009448
0.00001823
-0.00002448
0.00003995
0.00003021
-0.00002002
-0.00004519
0.00002039
0.00001987
-0.00000298
-0.00010207
-0.00004354
-0.00003533
-0.00003624
-0.00006522
-0.00000535
-0.00000719
-0.00003610
-0.00002305
0.00003421
0.00003025
-0.00001570
0.00001800
0.00006811
0.00005721
-0.00001787
0.00005778
0.00011186
0.00009552
-0.00000215
0.00003641
0.00009272
0.00008289
0.00000731
-0.00002534
0.00003110
0.00002730
-0.00002194
-0.00004827
0.00001461
0.00001502
-0.00001223
-0.00010981
-0.00004803
-0.00004324
-0.00004262
-0.00006822
-0.00000637
-0.00000821
-0.00003789
-0.00002939
0.00002984
0.00002050
-0.00002462
0.00000357
0.00006539
0.00004610
-0.00002763
0.00004854
0.00011156
0.00008845
-0.00000762
0.00002392
0.00009186
0.00006753
0.00000466
-0.00003125
0.00003610
0.00001744
-0.00002949
-0.00004892
0.00002035
0.00000484
-0.00001328
-0.00010769
-0.00004099
-0.00004983
-0.00004701
-0.00007734
-0.00001298
-0.00001971
-0.00004628
-0.00002447
0.00003164
0.00001953
-0.00002266
0.00001160
0.00007041
0.00005088
-0.00002265
0.00005488
0.00011137
0.00008721
-0.00000511
0.00003697
0.00009535
0.00007297
0.00000913
-0.00002687
0.00003355
0.00002222
-0.00002195
-0.00004891
0.00001808
0.00000481
-0.00000925
-0.00010893
-0.00004392
-0.00004442
-0.00003695
-0.00007007
-0.00001328
-0.00001479
-0.00003995
-0.00002384
0.00003486
0.00002143
-0.00001632
0.00001211
0.00006178
0.00003590
-0.00001599
0.00005419
0.00011296
0.00008302
0.00000933
0.00003908
0.00009342
0.00007355
0.00001819
-0.00002451
0.00003212
0.00001999
-0.00001235
-0.00004470
0.00001590
0.00000621
0.00000134
-0.00010509
-0.00004569
-0.00004413
-0.00002973
-0.00006861
-0.00001106
-0.00001852
-0.00003030
-0.00002636
0.00003293
0.00001748
-0.00001468
0.00001430
0.00007737
0.00004485
-0.00001250
0.00005208
0.00010740
0.00007625
0.00000761
0.00002832
0.00009258
0.00006711
0.00001241
-0.00002599
0.00003311
0.00001526
-0.00001285
-0.00004156
0.00001661
0.00000038
-0.00000070
-0.00010841
-0.00003791
-0.00005374
-0.00002567
0.00000117
0.00001088
0.00000126
-0.00000160
0.00004522
0.00005386
0.00003355
0.00001709
0.00002192
0.00003316
0.00002040
0.00002803
-0.00003650
-0.00002605
-0.00003287
-0.00000359
0.00000243
0.00000398
-0.00000560
-0.00000134
-0.00005411
-0.00005808
-0.00005549
-0.00003585
-0.00002174
-0.00002199
-0.00002999
-0.00003693
0.00002936
0.00003075
0.00001622
-0.00000715
0.00000655
0.00001036
-0.00000272
-0.00000402
0.00005809
0.00005294
0.00004159
0.00001854
0.00003978
0.00004055
0.00003083
0.00003029
-0.00001821
-0.00001810
-0.00001847
0.00000334
0.00001560
0.00000961
0.00000677
-0.00000278
-0.00003978
-0.00005077
-0.00004633
-0.00003499
-0.00000516
-0.00001857
-0.00001689
-0.00003362
0.00004281
0.00002787
0.00002146
-0.00001478
0.00002296
0.00000677
0.00000567
-0.00000512
0.00006556
0.00004774
0.00004056
0.00001552
0.00004398
0.00002988
0.00002679
0.00002481
-0.00001207
-0.00002786
-0.00002224
-0.00000896
0.00002258
0.00000435
0.00000752
-0.00000665
-0.00003813
-0.00005418
-0.00004070
-0.00004255
0.00000147
-0.00002068
-0.00001248
-0.00003574
0.00004533
0.00001965
0.00002367
-0.00002063
0.00002628
0.00000154
0.00000644
-0.00000501
0.00006652
0.00004257
0.00004554
0.00001225
0.00005038
0.00002602
0.00003452
0.00002328
-0.00000647
-0.00003508
-0.00002171
-0.00000583
0.00002443
0.00000216
0.00001039
-0.00000284
-0.00003926
-0.00005572
-0.00004631
-0.00003775
-0.00000450
-0.00002370
-0.00001770
-0.00003580
0.00004266
0.00002184
0.00002568
-0.00001601
0.00002075
-0.00000087
0.00000933
-0.00000400
0.00006061
0.00004135
0.00004833
0.00001157
0.00003821
0.00002684
0.00003019
0.00002422
-0.00001936
-0.00003487
-0.00001985
-0.00000571
0.00002149
-0.00000024
0.00000825
-0.00000673
-0.00003828
-0.00006440
-0.00004298
-0.00003400
-0.00000352
-0.00002806
-0.00000526
-0.00003542
0.00004294
0.00001384
0.00002969
-0.00001598
0.00002488
-0.00000223
0.00001871
-0.00000230
0.00006597
0.00004170
0.00005400
0.00001327
0.00005047
0.00002884
0.00004531
0.00002940
-0.00001331
-0.00003503
-0.00001287
0.00000164
0.00002028
-0.00000113
0.00001512
-0.00000237
-0.00003812
-0.00006311
-0.00003979
-0.00003536
0.00000008
-0.00002941
-0.00001289
-0.00003712
0.00003824
0.00002364
0.00002383
-0.00001769
0.00001945
-0.00000454
0.00000651
-0.00000455
0.00006757
0.00004137
0.00003679
0.00000866
0.00004631
0.00002699
0.00002401
0.00002371
-0.00001086
-0.00002655
-0.00002320
-0.00000965
0.00002278
0.00000443
-0.00000166
-0.00000688
-0.00002796
-0.00004971
-0.00004712
-0.00002937
0.00000265
-0.00001776
-0.00002258
-0.00003213
0.00004419
0.00002601
0.00001384
-0.00001691
0.00002418
0.00000649
-0.00000036
-0.00000702
0.00007147
0.00005245
0.00004640
0.00001554
0.00004615
0.00003107
0.00002441
0.00002391
-0.00000602
-0.00002553
-0.00002318
-0.00000144
0.00003086
0.00000325
0.00000260
-0.00000396
-0.00002591
-0.00005547
-0.00004566
-0.00003473
0.00000816
-0.00001857
-0.00001518
-0.00003061
0.00004788
0.00002929
0.00001569
-0.00001658
0.00002783
0.00000516
0.00000529
-0.00000487
0.00007082
0.00005029
0.00004467
0.00001375
0.00005482
0.00003436
0.00003471
0.00002384
-0.00000863
-0.00002523
-0.00001526
-0.00000289
0.00002550
0.00000354
0.00000661
-0.00000569
-0.00002882
-0.00005611
-0.00004217
-0.00003383
-0.00000339
-0.00002491
-0.00001357
-0.00003589
0.00004399
0.00001980
0.00001980
-0.00002169
0.00002178
0.00000238
0.00000641
-0.00001243
0.00006323
0.00003936
0.00004442
0.00000295
0.00004306
0.00002544
0.00003282
0.00001298
-0.00001064
-0.00002906
-0.00001772
-0.00001316
0.00002461
0.00000142
0.00000813
-0.00001434
0.00007101
0.00004190
0.00005000
0.00000108
0.00004723
0.00002549
0.00003697
0.00001687
0.00009795
0.00007474
0.00007312
0.00003653
0.00007612
0.00005617
0.00005891
0.00005198
0.00001849
-0.00000009
0.00001003
0.00002291
0.00005114
0.00002576
0.00003785
0.00002453
-0.00001232
-0.00003464
-0.00001273
-0.00000111
0.00002046
-0.00000253
0.00001738
-0.00000332
0.00006618
0.00003848
0.00004625
0.00000919
0.00004781
0.00002710
0.00003225
0.00002101
0.00009108
0.00006663
0.00006504
0.00004319
0.00007072
0.00005381
0.00005623
0.00005476
0.00001305
-0.00000548
0.00000451
0.00002664
0.00004585
0.00002614
0.00002569
0.00002525
-0.00001331
-0.00003734
-0.00002682
-0.00000262
0.00001635
-0.00000475
0.00000059
-0.00000263
0.00005878
0.00003443
0.00003927
0.00001248
0.00004481
0.00002234
0.00002729
0.00001976
0.00008827
0.00006004
0.00006323
0.00004052
0.00006502
0.00005126
0.00004990
0.00004741
0.00001533
-0.00002152
-0.00000593
0.00002141
0.00004450
0.00000452
0.00002155
0.00001788
-0.00001497
-0.00005036
-0.00003264
-0.00000931
0.00001746
-0.00002229
-0.00000463
-0.00001268
0.00006117
0.00001764
0.00003329
0.00000817
0.00004552
0.00000487
0.00002014
0.00002238
0.00008394
0.00004805
0.00005726
0.00004621
0.00007266
0.00003529
0.00004822
0.00005828
0.00001531
-0.00002131
-0.00000378
0.00003448
0.00004762
0.00000590
0.00002475
0.00003114
-0.00000844
-0.00004761
-0.00002687
0.00000686
0.00002308
-0.00001794
-0.00000153
0.00000242
0.00006778
0.00002421
0.00003435
0.00001574
0.00004667
0.00001086
0.00001943
0.00002910
0.00009054
0.00004786
0.00005277
0.00004677
0.00007310
0.00003849
0.00004777
0.00006265
0.00001713
-0.00001932
-0.00000306
0.00003625
0.00004632
0.00000734
0.00002084
0.00003625
-0.00001063
-0.00004419
-0.00002776
0.00001317
0.00002596
-0.00001606
0.00000033
0.00000877
0.00006992
0.00003055
0.00004178
0.00002140
0.00004541
0.00001139
0.00002513
0.00003987
0.00008939
0.00005258
0.00005838
0.00005340
0.00006768
0.00003645
0.00004496
0.00006930
0.00001122
-0.00001923
-0.00000256
0.00003933
0.00004021
0.00000879
0.00001945
0.00003832
-0.00001502
-0.00004719
-0.00002645
0.00001698
0.00001773
-0.00002091
-0.00000267
0.00001140
0.00005208
0.00002097
0.00003205
0.00002204
0.00003827
0.00000655
0.00002395
0.00003926
0.00008152
0.00005220
0.00006290
0.00006027
0.00006385
0.00003750
0.00005263
0.00007525
0.00000674
-0.00001824
0.00000464
0.00004680
0.00003797
0.00000781
0.00002729
0.00003888
0.00001650
-0.00000333
0.00001228
0.00004666
-0.00004084
-0.00005854
-0.00003170
0.00002500
-0.00000985
-0.00003113
-0.00000868
0.00002039
0.00003230
0.00000969
0.00002781
0.00004239
0.00006788
0.00004305
0.00005785
0.00004344
0.00010461
0.00008122
0.00008311
0.00005888
0.00008957
0.00006850
0.00007435
0.00007300
0.00003713
0.00001967
0.00002927
0.00004729
0.00001801
0.00000546
0.00001882
0.00005789
-0.00003664
-0.00005470
-0.00002831
0.00003146
-0.00000478
-0.00002594
-0.00000666
0.00002830
0.00003702
0.00002018
0.00002530
0.00004346
0.00006633
0.00004753
0.00004860
0.00004584
0.00010605
0.00008559
0.00007857
0.00005687
0.00009248
0.00007658
0.00007431
0.00006963
0.00003762
0.00001812
0.00002109
0.00004610
0.00001937
-0.00000315
0.00001120
0.00005649
-0.00003612
-0.00006037
-0.00003892
0.00002981
-0.00000312
-0.00002535
-0.00001183
0.00003044
0.00003512
0.00001443
0.00002517
0.00004594
0.00006296
0.00004191
0.00004727
0.00004089
0.00010377
0.00007835
0.00008148
0.00005820
0.00008615
0.00006278
0.00006953
0.00006901
0.00003682
0.00001772
0.00002742
0.00005017
0.00001912
0.00000693
0.00001756
0.00006258
-0.00003355
-0.00004370
-0.00002801
0.00004173
-0.00000497
-0.00001705
-0.00001154
0.00003770
0.00003728
0.00002161
0.00002530
0.00005205
0.00006817
0.00005553
0.00005000
0.00005414
0.00011019
0.00009403
0.00007940
0.00006524
0.00009144
0.00008194
0.00007668
0.00008032
0.00003816
0.00002456
0.00002973
0.00005223
0.00001966
0.00000870
0.00001521
0.00006354
-0.00003017
-0.00004375
-0.00002822
0.00003977
-0.00000243
-0.00002138
-0.00000765
0.00003881
0.00004108
0.00002334
0.00003050
0.00005077
0.00007120
0.00005201
0.00005632
0.00005035
0.00011722
0.00009878
0.00009314
0.00006865
0.00010075
0.00008171
0.00008486
0.00007941
0.00004759
0.00002737
0.00004030
0.00005667
0.00003408
0.00001995
0.00003195
0.00006849
-0.00002485
-0.00003900
-0.00001678
0.00004333
0.00000918
-0.00001701
0.00000695
0.00004105
0.00004948
0.00002228
0.00003665
0.00006102
0.00007713
0.00004772
0.00005916
0.00006188
0.00012386
0.00008524
0.00009587
0.00007776
0.00010622
0.00007870
0.00008894
0.00008896
0.00005014
0.00001857
0.00004426
0.00006876
0.00003513
0.00000613
0.00003294
0.00008446
-0.00002012
-0.00004957
-0.00000940
0.00005627
0.00000612
-0.00002427
0.00000459
0.00005048
0.00005175
0.00002038
0.00004574
0.00006861
0.00007977
0.00004831
0.00006945
0.00006176
0.00011908
0.00009074
0.00009984
0.00007655
0.00010482
0.00007454
0.00008832
0.00008415
0.00004784
0.00002094
0.00004461
0.00006621
0.00003613
0.00000835
0.00003981
0.00007639
-0.00002077
-0.00004806
-0.00001209
0.00005313
0.00000924
-0.00001867
0.00001235
0.00004939
0.00004966
0.00001996
0.00004635
0.00006230
0.00007590
0.00004413
0.00006898
0.00005960
0.00011257
0.00008095
0.00010429
0.00007089
0.00009914
0.00007505
0.00009612
0.00008591
0.00003973
0.00001167
0.00004502
0.00005980
